C:\Users\pierl\OneDrive\Desktop\jobShop-scheduling-simulatedAnniealing-main\instances\test100_0.txt **
Nodes evalauted : 112498
BEST C : 261316
Best sequence : 
[63, 91, 89, 7, 24, 93, 94, 32, 76, 73, 0, 45, 52, 5, 14, 65, 79, 41, 88, 6, 23, 34, 33, 96, 81, 72, 95, 74, 18, 69, 16, 27, 55, 29, 40, 35, 85, 13, 90, 10, 42, 61, 1, 43, 21, 62, 50, 19, 56, 98, 4, 22, 28, 54, 30, 46, 37, 87, 8, 2, 3, 97, 83, 51, 36, 53, 58, 25, 39, 47, 26, 12, 11, 66, 75, 17, 49, 99, 68, 57, 44, 20, 67, 92, 48, 70, 59, 77, 31, 82, 80, 86, 71, 60, 84, 9, 64, 78, 15, 38] 

C:\Users\pierl\OneDrive\Desktop\jobShop-scheduling-simulatedAnniealing-main\instances\test100_0.txt **
Nodes evalauted : 113381
BEST C : 258917
Best sequence : 
[63, 91, 89, 0, 24, 93, 94, 7, 76, 32, 79, 52, 45, 14, 33, 65, 73, 41, 88, 6, 23, 74, 90, 18, 1, 72, 34, 96, 95, 69, 16, 55, 5, 40, 27, 29, 35, 13, 85, 87, 98, 81, 43, 50, 10, 62, 44, 70, 19, 49, 82, 84, 4, 22, 56, 30, 36, 68, 8, 2, 3, 21, 28, 51, 58, 97, 92, 37, 39, 25, 17, 26, 99, 66, 75, 83, 47, 57, 53, 59, 48, 11, 12, 20, 67, 31, 54, 46, 80, 77, 15, 71, 61, 86, 9, 42, 64, 60, 78, 38] 

C:\Users\pierl\OneDrive\Desktop\jobShop-scheduling-simulatedAnniealing-main\instances\test100_0.txt **
Nodes evalauted : 111269
BEST C : 263212
Best sequence : 
[63, 91, 89, 7, 24, 93, 94, 5, 76, 32, 0, 45, 52, 14, 73, 65, 79, 88, 6, 23, 74, 34, 41, 18, 81, 72, 90, 42, 29, 16, 55, 27, 69, 40, 95, 35, 49, 62, 10, 13, 1, 44, 98, 86, 19, 21, 70, 78, 96, 87, 4, 28, 22, 30, 15, 37, 36, 8, 97, 58, 2, 51, 92, 54, 53, 50, 39, 99, 47, 17, 83, 26, 66, 75, 3, 11, 25, 43, 67, 12, 85, 20, 59, 48, 56, 57, 80, 82, 77, 31, 68, 33, 71, 46, 61, 84, 9, 64, 60, 38] 

C:\Users\pierl\OneDrive\Desktop\jobShop-scheduling-simulatedAnniealing-main\instances\test100_0.txt **
Nodes evalauted : 113779
BEST C : 260485
Best sequence : 
[63, 91, 89, 7, 0, 5, 93, 94, 32, 24, 73, 45, 76, 52, 14, 65, 23, 84, 41, 6, 34, 81, 74, 18, 90, 95, 72, 96, 29, 16, 69, 88, 27, 40, 55, 1, 35, 82, 10, 62, 44, 85, 87, 98, 43, 79, 21, 19, 56, 4, 78, 70, 28, 22, 30, 50, 13, 46, 37, 8, 2, 3, 47, 51, 58, 54, 68, 39, 97, 83, 25, 26, 75, 57, 66, 17, 99, 53, 92, 49, 11, 12, 20, 67, 36, 80, 59, 48, 77, 31, 71, 33, 86, 61, 9, 42, 64, 60, 15, 38] 

C:\Users\pierl\OneDrive\Desktop\jobShop-scheduling-simulatedAnniealing-main\instances\test100_0.txt **
Nodes evalauted : 114025
BEST C : 261940
Best sequence : 
[63, 91, 89, 7, 0, 5, 93, 94, 32, 76, 24, 45, 52, 14, 79, 65, 41, 88, 23, 6, 74, 90, 18, 95, 81, 72, 33, 42, 29, 16, 69, 27, 55, 40, 73, 35, 15, 85, 62, 49, 98, 96, 50, 13, 87, 70, 21, 78, 56, 54, 22, 4, 43, 10, 44, 68, 37, 36, 8, 3, 47, 51, 58, 97, 83, 53, 39, 28, 11, 2, 19, 26, 66, 75, 30, 17, 92, 25, 67, 57, 48, 20, 59, 80, 99, 77, 31, 71, 82, 1, 12, 61, 86, 84, 9, 64, 34, 46, 60, 38] 

C:\Users\pierl\OneDrive\Desktop\jobShop-scheduling-simulatedAnniealing-main\instances\test100_0.txt **
Nodes evalauted : 108597
BEST C : 260663
Best sequence : 
[63, 91, 89, 7, 24, 93, 94, 32, 76, 73, 0, 45, 52, 14, 79, 65, 41, 88, 6, 23, 34, 81, 18, 90, 95, 72, 33, 1, 69, 16, 27, 55, 5, 40, 35, 29, 74, 62, 49, 10, 13, 87, 85, 50, 43, 98, 44, 21, 96, 4, 19, 70, 92, 28, 54, 68, 30, 46, 37, 22, 97, 2, 3, 51, 78, 25, 8, 39, 12, 11, 53, 26, 75, 83, 47, 99, 57, 48, 56, 66, 58, 20, 17, 67, 59, 80, 82, 77, 36, 71, 31, 61, 86, 84, 9, 42, 64, 60, 15, 38] 

C:\Users\pierl\OneDrive\Desktop\jobShop-scheduling-simulatedAnniealing-main\instances\test100_0.txt **
Nodes evalauted : 113362
BEST C : 259264
Best sequence : 
[63, 91, 89, 7, 0, 5, 93, 94, 32, 24, 73, 45, 76, 52, 14, 65, 33, 96, 6, 88, 74, 41, 23, 34, 81, 95, 72, 1, 18, 90, 16, 27, 69, 40, 55, 85, 29, 62, 35, 10, 87, 82, 44, 61, 49, 21, 19, 98, 70, 43, 4, 50, 92, 79, 78, 68, 37, 22, 8, 2, 58, 97, 30, 83, 47, 13, 25, 39, 28, 51, 17, 11, 26, 75, 99, 66, 3, 53, 59, 67, 57, 48, 20, 12, 54, 56, 36, 77, 80, 15, 71, 86, 84, 9, 31, 42, 64, 46, 60, 38] 

C:\Users\pierl\OneDrive\Desktop\jobShop-scheduling-simulatedAnniealing-main\instances\test100_0.txt **
Nodes evalauted : 111039
BEST C : 264186
Best sequence : 
[63, 91, 89, 7, 0, 5, 93, 94, 32, 76, 24, 45, 52, 14, 79, 65, 41, 23, 6, 90, 74, 81, 88, 18, 95, 72, 33, 42, 29, 16, 69, 27, 40, 35, 34, 49, 73, 62, 13, 85, 87, 98, 50, 43, 70, 19, 21, 10, 78, 4, 68, 44, 1, 22, 92, 37, 46, 8, 97, 2, 58, 51, 28, 47, 83, 56, 39, 11, 99, 82, 26, 75, 66, 17, 55, 25, 59, 67, 48, 57, 20, 30, 3, 96, 53, 12, 54, 80, 36, 77, 31, 71, 61, 9, 86, 60, 84, 64, 15, 38] 

C:\Users\pierl\OneDrive\Desktop\jobShop-scheduling-simulatedAnniealing-main\instances\test100_1.txt **
Nodes evalauted : 85254
BEST C : 245987
Best sequence : 
[68, 43, 89, 27, 3, 63, 29, 85, 98, 12, 55, 76, 5, 33, 81, 7, 9, 0, 38, 87, 15, 19, 23, 57, 46, 10, 73, 88, 42, 92, 84, 99, 18, 48, 40, 6, 90, 1, 72, 49, 8, 20, 16, 50, 28, 45, 93, 70, 2, 97, 31, 71, 44, 37, 35, 62, 56, 60, 75, 36, 59, 67, 34, 25, 66, 58, 64, 41, 82, 11, 26, 52, 39, 30, 86, 96, 79, 47, 78, 74, 91, 14, 80, 17, 61, 69, 32, 54, 24, 65, 13, 95, 83, 53, 94, 4, 51, 22, 21, 77] 

C:\Users\pierl\OneDrive\Desktop\jobShop-scheduling-simulatedAnniealing-main\instances\test100_1.txt **
Nodes evalauted : 107587
BEST C : 245904
Best sequence : 
[43, 89, 68, 27, 63, 3, 29, 98, 55, 33, 0, 85, 12, 76, 5, 9, 81, 7, 38, 15, 23, 19, 10, 87, 57, 46, 73, 88, 42, 6, 84, 18, 48, 92, 99, 40, 2, 72, 49, 8, 20, 1, 90, 16, 93, 60, 45, 56, 70, 97, 71, 28, 44, 35, 62, 31, 41, 34, 36, 37, 75, 67, 22, 59, 26, 25, 64, 51, 58, 11, 82, 78, 30, 52, 86, 96, 66, 80, 91, 17, 61, 14, 79, 74, 47, 69, 32, 53, 54, 65, 24, 83, 95, 94, 13, 4, 50, 39, 21, 77] 

C:\Users\pierl\OneDrive\Desktop\jobShop-scheduling-simulatedAnniealing-main\instances\test100_1.txt **
Nodes evalauted : 109333
BEST C : 246012
Best sequence : 
[68, 43, 89, 27, 3, 63, 12, 85, 98, 0, 55, 33, 29, 76, 5, 7, 9, 81, 38, 87, 15, 19, 23, 57, 46, 10, 88, 73, 42, 50, 99, 18, 48, 6, 40, 90, 20, 1, 72, 49, 92, 84, 2, 16, 60, 45, 8, 28, 44, 97, 31, 56, 34, 35, 62, 71, 41, 37, 70, 59, 36, 75, 67, 25, 66, 58, 64, 93, 82, 11, 51, 26, 52, 30, 86, 96, 79, 80, 47, 91, 61, 14, 17, 74, 69, 32, 54, 24, 65, 53, 78, 95, 83, 13, 22, 4, 94, 39, 21, 77] 

C:\Users\pierl\OneDrive\Desktop\jobShop-scheduling-simulatedAnniealing-main\instances\test100_1.txt **
Nodes evalauted : 109577
BEST C : 245608
Best sequence : 
[68, 43, 89, 27, 3, 63, 12, 85, 98, 0, 55, 33, 29, 76, 5, 9, 81, 7, 38, 87, 15, 19, 23, 57, 46, 10, 73, 88, 42, 6, 99, 48, 84, 18, 92, 90, 20, 49, 40, 8, 2, 72, 1, 16, 60, 93, 45, 28, 44, 70, 31, 71, 77, 34, 62, 97, 36, 41, 35, 75, 56, 59, 37, 58, 25, 26, 64, 78, 82, 66, 11, 67, 50, 30, 86, 96, 79, 80, 47, 91, 61, 14, 17, 74, 69, 52, 95, 53, 24, 65, 13, 51, 54, 32, 4, 22, 94, 83, 39, 21] 

C:\Users\pierl\OneDrive\Desktop\jobShop-scheduling-simulatedAnniealing-main\instances\test100_1.txt **
Nodes evalauted : 110140
BEST C : 246100
Best sequence : 
[68, 89, 43, 27, 63, 12, 0, 98, 55, 85, 29, 3, 5, 33, 9, 23, 7, 38, 87, 76, 15, 19, 81, 46, 57, 10, 73, 88, 42, 92, 84, 99, 18, 48, 40, 6, 2, 72, 49, 8, 20, 1, 90, 16, 28, 50, 45, 37, 60, 97, 31, 71, 77, 35, 62, 41, 70, 36, 93, 75, 59, 67, 58, 25, 66, 26, 64, 56, 34, 82, 11, 44, 78, 30, 86, 96, 80, 79, 47, 74, 52, 61, 14, 91, 17, 69, 53, 24, 32, 13, 54, 65, 95, 83, 22, 4, 94, 39, 21, 51] 

C:\Users\pierl\OneDrive\Desktop\jobShop-scheduling-simulatedAnniealing-main\instances\test100_1.txt **
Nodes evalauted : 110306
BEST C : 245695
Best sequence : 
[68, 43, 89, 27, 63, 3, 29, 98, 55, 85, 12, 0, 76, 5, 9, 23, 7, 38, 33, 15, 10, 81, 19, 87, 57, 46, 73, 92, 84, 88, 42, 99, 18, 48, 40, 6, 2, 72, 49, 8, 20, 1, 90, 16, 93, 60, 45, 56, 37, 70, 31, 97, 71, 50, 62, 34, 41, 28, 75, 59, 36, 67, 58, 66, 25, 35, 64, 78, 44, 26, 11, 82, 52, 30, 86, 96, 79, 80, 47, 83, 61, 74, 32, 54, 69, 14, 17, 24, 91, 65, 53, 95, 94, 51, 13, 22, 4, 39, 21, 77] 

C:\Users\pierl\OneDrive\Desktop\jobShop-scheduling-simulatedAnniealing-main\instances\test100_1.txt **
Nodes evalauted : 110520
BEST C : 246929
Best sequence : 
[68, 43, 89, 27, 63, 3, 29, 98, 55, 85, 12, 0, 76, 5, 9, 81, 7, 33, 38, 87, 15, 19, 23, 57, 10, 46, 84, 42, 73, 92, 99, 48, 18, 88, 40, 90, 2, 1, 72, 49, 20, 8, 16, 50, 60, 45, 93, 70, 56, 97, 31, 71, 28, 44, 35, 62, 36, 41, 34, 75, 59, 77, 22, 66, 26, 25, 58, 64, 78, 82, 52, 51, 30, 91, 80, 79, 47, 86, 11, 74, 17, 14, 61, 69, 96, 32, 54, 24, 65, 53, 67, 95, 94, 13, 37, 83, 4, 39, 6, 21] 

C:\Users\pierl\OneDrive\Desktop\jobShop-scheduling-simulatedAnniealing-main\instances\test100_1.txt **
Nodes evalauted : 109912
BEST C : 246076
Best sequence : 
[43, 89, 68, 27, 3, 29, 0, 85, 98, 12, 55, 33, 63, 76, 5, 7, 9, 81, 38, 87, 15, 19, 23, 57, 46, 10, 73, 88, 42, 6, 84, 48, 18, 50, 90, 40, 1, 72, 49, 8, 20, 2, 16, 93, 60, 45, 92, 70, 44, 97, 71, 31, 37, 35, 62, 56, 34, 36, 28, 75, 59, 77, 58, 41, 26, 64, 66, 25, 82, 11, 99, 67, 52, 30, 86, 96, 80, 79, 91, 47, 74, 17, 14, 61, 69, 32, 54, 24, 65, 13, 95, 83, 53, 78, 51, 22, 4, 94, 39, 21] 

C:\Users\pierl\OneDrive\Desktop\jobShop-scheduling-simulatedAnniealing-main\instances\test100_10.txt **
Nodes evalauted : 87547
BEST C : 273525
Best sequence : 
[22, 94, 88, 91, 93, 57, 59, 19, 76, 84, 36, 67, 79, 95, 33, 81, 12, 90, 16, 53, 40, 8, 35, 13, 11, 0, 10, 75, 4, 61, 31, 52, 41, 23, 74, 54, 37, 72, 60, 49, 80, 24, 29, 42, 45, 85, 86, 26, 65, 58, 78, 3, 17, 15, 50, 21, 5, 56, 83, 64, 20, 92, 68, 70, 14, 1, 32, 97, 28, 39, 77, 99, 2, 18, 9, 7, 44, 66, 51, 47, 89, 98, 6, 69, 87, 48, 71, 27, 43, 38, 25, 62, 46, 82, 73, 34, 63, 55, 30, 96] 

C:\Users\pierl\OneDrive\Desktop\jobShop-scheduling-simulatedAnniealing-main\instances\test100_10.txt **
Nodes evalauted : 104481
BEST C : 272685
Best sequence : 
[22, 94, 88, 91, 93, 57, 59, 19, 76, 84, 36, 67, 79, 95, 33, 81, 46, 12, 16, 40, 53, 35, 26, 13, 8, 52, 41, 49, 58, 4, 11, 61, 0, 10, 31, 54, 37, 90, 60, 23, 42, 85, 29, 72, 2, 78, 86, 15, 80, 75, 64, 74, 17, 50, 21, 56, 65, 83, 18, 20, 69, 44, 5, 70, 3, 14, 38, 25, 47, 43, 92, 98, 39, 77, 63, 96, 9, 51, 66, 32, 7, 99, 45, 89, 6, 68, 27, 87, 48, 71, 24, 82, 97, 62, 73, 28, 1, 30, 55, 34] 

C:\Users\pierl\OneDrive\Desktop\jobShop-scheduling-simulatedAnniealing-main\instances\test100_10.txt **
Nodes evalauted : 105257
BEST C : 272201
Best sequence : 
[22, 94, 88, 91, 93, 57, 59, 19, 76, 84, 36, 67, 79, 95, 33, 81, 12, 90, 16, 53, 40, 26, 8, 35, 13, 52, 41, 2, 10, 72, 4, 61, 31, 58, 23, 54, 83, 60, 42, 37, 85, 75, 29, 49, 3, 45, 56, 74, 86, 65, 78, 0, 38, 97, 28, 20, 44, 15, 50, 17, 5, 21, 80, 11, 64, 69, 18, 32, 47, 92, 39, 89, 77, 48, 87, 27, 9, 66, 7, 51, 98, 99, 68, 43, 6, 70, 71, 25, 14, 62, 24, 46, 1, 82, 73, 34, 63, 55, 30, 96] 

C:\Users\pierl\OneDrive\Desktop\jobShop-scheduling-simulatedAnniealing-main\instances\test100_10.txt **
Nodes evalauted : 105337
BEST C : 274307
Best sequence : 
[22, 94, 88, 57, 91, 93, 59, 19, 76, 36, 84, 67, 79, 95, 33, 81, 12, 90, 16, 53, 40, 26, 8, 13, 52, 35, 41, 4, 58, 75, 14, 10, 23, 83, 61, 54, 74, 60, 42, 37, 85, 24, 11, 86, 45, 49, 78, 15, 72, 29, 31, 64, 17, 50, 65, 3, 69, 92, 20, 0, 43, 70, 97, 82, 25, 44, 47, 1, 21, 77, 56, 32, 39, 5, 27, 9, 66, 7, 51, 98, 99, 89, 80, 87, 18, 68, 6, 71, 38, 48, 62, 46, 2, 73, 34, 63, 55, 30, 28, 96] 

C:\Users\pierl\OneDrive\Desktop\jobShop-scheduling-simulatedAnniealing-main\instances\test100_10.txt **
Nodes evalauted : 105882
BEST C : 274091
Best sequence : 
[22, 94, 88, 91, 93, 57, 59, 19, 76, 84, 36, 67, 79, 95, 33, 46, 12, 72, 53, 11, 40, 35, 4, 26, 41, 52, 0, 2, 10, 13, 75, 23, 61, 83, 54, 80, 60, 74, 85, 37, 49, 29, 58, 3, 45, 24, 68, 15, 31, 78, 56, 18, 17, 90, 64, 5, 21, 81, 1, 44, 65, 20, 92, 70, 14, 25, 32, 8, 47, 28, 77, 99, 43, 86, 9, 50, 39, 66, 51, 89, 42, 27, 7, 69, 98, 87, 48, 6, 71, 38, 97, 62, 73, 82, 63, 16, 30, 34, 55, 96] 

C:\Users\pierl\OneDrive\Desktop\jobShop-scheduling-simulatedAnniealing-main\instances\test100_10.txt **
Nodes evalauted : 106329
BEST C : 277150
Best sequence : 
[22, 94, 88, 57, 59, 93, 19, 76, 36, 91, 84, 67, 79, 95, 33, 81, 46, 12, 11, 53, 72, 26, 4, 8, 41, 52, 14, 10, 13, 40, 61, 31, 23, 83, 54, 74, 60, 42, 85, 24, 58, 2, 29, 37, 56, 86, 15, 90, 78, 45, 64, 50, 49, 3, 68, 1, 44, 69, 80, 73, 43, 87, 20, 18, 32, 47, 92, 35, 25, 17, 77, 5, 34, 27, 9, 65, 39, 51, 66, 7, 99, 98, 89, 0, 21, 6, 70, 71, 48, 75, 38, 97, 16, 62, 82, 63, 55, 28, 30, 96] 

C:\Users\pierl\OneDrive\Desktop\jobShop-scheduling-simulatedAnniealing-main\instances\test100_10.txt **
Nodes evalauted : 106575
BEST C : 275435
Best sequence : 
[22, 94, 88, 91, 93, 57, 19, 76, 36, 84, 59, 67, 95, 33, 79, 81, 46, 12, 53, 13, 40, 35, 26, 72, 8, 52, 4, 14, 2, 23, 31, 41, 58, 61, 54, 37, 0, 10, 42, 60, 80, 75, 29, 45, 49, 78, 15, 83, 65, 24, 18, 50, 17, 56, 74, 3, 92, 20, 69, 44, 5, 43, 11, 85, 68, 25, 87, 39, 32, 99, 64, 77, 82, 27, 9, 66, 47, 21, 51, 7, 89, 90, 98, 86, 6, 70, 71, 38, 48, 97, 62, 73, 1, 63, 16, 30, 34, 55, 28, 96] 

C:\Users\pierl\OneDrive\Desktop\jobShop-scheduling-simulatedAnniealing-main\instances\test100_10.txt **
Nodes evalauted : 103140
BEST C : 271182
Best sequence : 
[22, 94, 88, 91, 93, 57, 59, 19, 76, 84, 36, 67, 79, 95, 33, 81, 12, 90, 16, 53, 14, 40, 35, 8, 41, 52, 0, 10, 72, 4, 75, 23, 61, 83, 54, 42, 60, 26, 49, 85, 37, 31, 80, 29, 58, 86, 56, 45, 13, 15, 11, 18, 3, 17, 5, 78, 65, 68, 21, 44, 74, 64, 50, 20, 69, 92, 70, 43, 32, 87, 48, 39, 77, 89, 98, 47, 28, 9, 66, 7, 51, 99, 6, 27, 71, 25, 38, 24, 97, 62, 1, 46, 82, 2, 73, 34, 63, 30, 55, 96] 

C:\Users\pierl\OneDrive\Desktop\jobShop-scheduling-simulatedAnniealing-main\instances\test100_11.txt **
Nodes evalauted : 90889
BEST C : 260121
Best sequence : 
[95, 86, 87, 70, 92, 0, 47, 16, 46, 67, 83, 37, 58, 3, 38, 45, 21, 89, 90, 15, 72, 49, 65, 23, 11, 40, 27, 29, 75, 62, 54, 78, 69, 35, 74, 20, 61, 7, 10, 9, 96, 99, 91, 33, 17, 28, 4, 30, 76, 43, 77, 42, 60, 98, 85, 25, 63, 32, 84, 39, 19, 71, 6, 12, 73, 97, 44, 52, 13, 50, 41, 82, 94, 36, 66, 64, 14, 57, 51, 34, 56, 79, 2, 55, 5, 48, 88, 24, 68, 80, 1, 31, 81, 18, 93, 8, 59, 53, 26, 22] 

C:\Users\pierl\OneDrive\Desktop\jobShop-scheduling-simulatedAnniealing-main\instances\test100_11.txt **
Nodes evalauted : 108659
BEST C : 259387
Best sequence : 
[95, 86, 87, 70, 92, 46, 16, 0, 58, 67, 83, 37, 3, 90, 47, 45, 38, 21, 89, 15, 72, 49, 65, 11, 23, 40, 27, 29, 62, 75, 74, 78, 69, 35, 63, 20, 61, 7, 10, 9, 96, 17, 91, 28, 99, 97, 4, 77, 30, 76, 43, 73, 44, 24, 60, 98, 2, 25, 33, 93, 18, 71, 6, 32, 54, 42, 52, 13, 19, 82, 88, 12, 64, 41, 79, 55, 66, 36, 57, 51, 34, 56, 85, 14, 5, 68, 94, 50, 81, 8, 84, 80, 39, 48, 53, 31, 1, 59, 22, 26] 

C:\Users\pierl\OneDrive\Desktop\jobShop-scheduling-simulatedAnniealing-main\instances\test100_11.txt **
Nodes evalauted : 105994
BEST C : 259774
Best sequence : [95, 86, 87, 70, 92, 0, 47, 16, 46, 67, 83, 37, 58, 3, 38, 45, 21, 89, 90, 15, 72, 49, 65, 23, 11, 40, 27, 29, 75, 62, 54, 74, 9, 78, 63, 20, 44, 10, 69, 7, 39, 91, 61, 97, 28, 99, 33, 30, 77, 76, 4, 25, 42, 24, 43, 81, 2, 60, 94, 93, 36, 19, 85, 6, 32, 88, 50, 52, 13, 12, 17, 82, 14, 41, 66, 55, 79, 51, 57, 34, 64, 71, 56, 5, 98, 96, 80, 68, 73, 48, 35, 84, 31, 53, 18, 1, 8, 59, 22, 26] 

C:\Users\pierl\OneDrive\Desktop\jobShop-scheduling-simulatedAnniealing-main\instances\test100_11.txt **
Nodes evalauted : 109277
BEST C : 261523
Best sequence : [95, 86, 87, 70, 92, 46, 16, 47, 58, 83, 90, 67, 3, 37, 45, 38, 0, 21, 89, 15, 72, 49, 11, 23, 65, 40, 27, 75, 29, 62, 54, 69, 9, 35, 63, 20, 74, 7, 96, 39, 99, 91, 33, 97, 28, 61, 30, 77, 42, 76, 43, 25, 81, 85, 17, 60, 44, 24, 36, 73, 98, 19, 6, 10, 32, 64, 2, 52, 13, 82, 71, 14, 12, 41, 50, 4, 79, 51, 55, 57, 56, 34, 94, 66, 68, 5, 93, 80, 88, 48, 84, 18, 78, 1, 31, 53, 8, 59, 22, 26] 

C:\Users\pierl\OneDrive\Desktop\jobShop-scheduling-simulatedAnniealing-main\instances\test100_11.txt **
Nodes evalauted : 109323
BEST C : 261729
Best sequence : 
[95, 86, 87, 70, 92, 0, 16, 46, 67, 83, 58, 37, 3, 38, 45, 90, 47, 21, 15, 72, 89, 49, 11, 23, 74, 40, 27, 75, 65, 29, 62, 78, 44, 9, 35, 20, 61, 10, 7, 63, 69, 91, 33, 99, 28, 81, 4, 77, 42, 76, 43, 50, 60, 88, 85, 14, 64, 2, 32, 36, 19, 94, 30, 97, 12, 71, 80, 13, 6, 52, 25, 17, 24, 41, 82, 66, 84, 55, 57, 54, 56, 73, 51, 34, 5, 98, 96, 48, 93, 68, 79, 39, 1, 53, 18, 8, 31, 26, 59, 22] 

C:\Users\pierl\OneDrive\Desktop\jobShop-scheduling-simulatedAnniealing-main\instances\test100_11.txt **
Nodes evalauted : 109380
BEST C : 259761
Best sequence : 
[95, 86, 87, 70, 92, 46, 47, 16, 58, 83, 90, 0, 37, 3, 38, 45, 67, 21, 89, 15, 72, 49, 65, 23, 11, 40, 27, 62, 75, 29, 78, 74, 69, 9, 54, 96, 17, 7, 10, 20, 61, 33, 99, 91, 28, 63, 77, 30, 43, 76, 44, 60, 42, 25, 4, 85, 97, 98, 32, 80, 88, 24, 84, 73, 14, 6, 52, 12, 13, 71, 82, 41, 19, 79, 68, 39, 51, 57, 66, 55, 34, 2, 5, 56, 36, 64, 50, 94, 93, 1, 35, 18, 81, 48, 53, 31, 8, 26, 59, 22] 

C:\Users\pierl\OneDrive\Desktop\jobShop-scheduling-simulatedAnniealing-main\instances\test100_11.txt **
Nodes evalauted : 108752
BEST C : 256542
Best sequence : [95, 86, 87, 70, 92, 0, 47, 16, 46, 67, 83, 37, 90, 3, 38, 45, 58, 21, 54, 15, 72, 65, 49, 23, 11, 40, 27, 29, 75, 89, 74, 62, 69, 78, 61, 9, 96, 10, 7, 20, 63, 33, 99, 91, 44, 97, 28, 4, 30, 77, 76, 24, 17, 25, 98, 85, 42, 60, 14, 2, 32, 64, 36, 19, 43, 71, 6, 12, 73, 41, 13, 52, 82, 81, 79, 39, 35, 51, 57, 55, 34, 56, 66, 5, 88, 50, 94, 48, 93, 84, 80, 68, 18, 1, 31, 53, 8, 59, 22, 26] 

C:\Users\pierl\OneDrive\Desktop\jobShop-scheduling-simulatedAnniealing-main\instances\test100_11.txt **
Nodes evalauted : 102590
BEST C : 258713
Best sequence : [95, 86, 87, 70, 92, 0, 47, 16, 46, 67, 83, 37, 90, 3, 38, 45, 58, 54, 89, 15, 72, 65, 49, 21, 11, 40, 27, 29, 75, 62, 78, 74, 9, 35, 63, 20, 17, 7, 10, 23, 61, 69, 91, 99, 28, 96, 4, 43, 76, 42, 77, 25, 84, 30, 85, 60, 88, 32, 44, 36, 24, 14, 2, 12, 71, 6, 97, 19, 50, 13, 73, 82, 41, 18, 51, 52, 79, 94, 57, 55, 34, 66, 64, 56, 98, 5, 33, 68, 80, 39, 81, 93, 48, 1, 59, 53, 8, 31, 26, 22] 

C:\Users\pierl\OneDrive\Desktop\jobShop-scheduling-simulatedAnniealing-main\instances\test100_12.txt **
Nodes evalauted : 86166
BEST C : 251985
Best sequence : [53, 76, 62, 14, 40, 11, 69, 59, 48, 35, 75, 60, 15, 67, 49, 2, 26, 24, 56, 19, 44, 90, 55, 72, 42, 68, 70, 85, 28, 29, 81, 79, 97, 52, 6, 88, 89, 31, 12, 63, 54, 94, 99, 58, 83, 13, 71, 96, 91, 57, 65, 23, 37, 7, 3, 20, 16, 98, 74, 66, 95, 8, 64, 30, 73, 46, 87, 5, 4, 93, 41, 77, 36, 10, 78, 51, 18, 21, 1, 22, 61, 25, 84, 43, 39, 82, 47, 17, 9, 45, 38, 80, 0, 86, 50, 27, 33, 32, 34, 92] 

C:\Users\pierl\OneDrive\Desktop\jobShop-scheduling-simulatedAnniealing-main\instances\test100_12.txt **
Nodes evalauted : 105150
BEST C : 252121
Best sequence : [53, 76, 62, 14, 40, 11, 69, 59, 95, 35, 75, 60, 67, 49, 2, 15, 26, 24, 56, 19, 90, 44, 55, 72, 42, 68, 70, 85, 28, 97, 81, 79, 29, 52, 6, 88, 89, 31, 12, 63, 54, 94, 8, 58, 83, 48, 71, 91, 13, 57, 65, 7, 37, 23, 3, 20, 16, 74, 30, 66, 98, 99, 96, 64, 73, 46, 51, 93, 41, 5, 9, 47, 77, 10, 78, 1, 18, 21, 22, 36, 43, 25, 84, 17, 4, 82, 39, 87, 61, 80, 45, 50, 38, 0, 86, 27, 33, 32, 34, 92] 

C:\Users\pierl\OneDrive\Desktop\jobShop-scheduling-simulatedAnniealing-main\instances\test100_12.txt **
Nodes evalauted : 99699
BEST C : 251630
Best sequence : [53, 14, 76, 62, 11, 40, 95, 69, 59, 48, 35, 75, 15, 49, 67, 2, 60, 24, 56, 19, 90, 44, 55, 72, 26, 68, 91, 28, 29, 85, 81, 97, 52, 89, 6, 12, 63, 31, 88, 70, 54, 94, 79, 13, 71, 58, 96, 83, 8, 57, 65, 37, 7, 3, 23, 42, 16, 98, 30, 99, 66, 74, 93, 64, 20, 46, 73, 5, 47, 9, 51, 10, 36, 50, 4, 78, 21, 1, 18, 43, 77, 25, 84, 22, 41, 17, 39, 87, 82, 45, 61, 80, 38, 0, 86, 27, 33, 32, 34, 92] 

C:\Users\pierl\OneDrive\Desktop\jobShop-scheduling-simulatedAnniealing-main\instances\test100_12.txt **
Nodes evalauted : 114276
BEST C : 252269
Best sequence : [53, 76, 62, 14, 40, 11, 69, 59, 48, 35, 75, 55, 26, 67, 49, 2, 60, 24, 56, 19, 44, 90, 15, 72, 42, 68, 91, 28, 70, 81, 97, 85, 79, 52, 6, 88, 12, 31, 89, 63, 54, 94, 95, 58, 71, 13, 83, 29, 96, 57, 65, 7, 37, 23, 3, 74, 16, 98, 45, 30, 66, 93, 64, 8, 73, 46, 61, 47, 5, 99, 36, 51, 10, 77, 78, 9, 1, 21, 18, 4, 43, 25, 84, 17, 39, 82, 41, 22, 20, 87, 38, 80, 0, 86, 50, 27, 33, 32, 34, 92] 

C:\Users\pierl\OneDrive\Desktop\jobShop-scheduling-simulatedAnniealing-main\instances\test100_12.txt **
Nodes evalauted : 134424
BEST C : 253109
Best sequence : [53, 76, 62, 14, 40, 11, 69, 59, 95, 35, 48, 15, 67, 49, 75, 2, 60, 24, 56, 19, 90, 55, 44, 42, 68, 29, 85, 28, 8, 81, 70, 79, 52, 6, 72, 88, 31, 89, 12, 63, 94, 26, 54, 83, 99, 71, 91, 13, 57, 7, 65, 37, 96, 3, 58, 16, 98, 23, 30, 66, 73, 74, 64, 93, 20, 46, 5, 97, 41, 9, 36, 87, 51, 10, 47, 77, 21, 1, 18, 43, 82, 25, 84, 4, 22, 78, 39, 17, 45, 61, 80, 38, 50, 0, 86, 27, 33, 32, 34, 92] 

C:\Users\pierl\OneDrive\Desktop\jobShop-scheduling-simulatedAnniealing-main\instances\test100_12.txt **
Nodes evalauted : 139264
BEST C : 251253
Best sequence : [53, 14, 76, 62, 11, 40, 48, 69, 59, 60, 35, 75, 15, 49, 67, 2, 26, 24, 56, 90, 19, 44, 55, 72, 91, 68, 70, 85, 28, 97, 81, 79, 42, 54, 6, 88, 52, 89, 63, 31, 8, 94, 95, 83, 12, 71, 29, 58, 20, 57, 7, 65, 37, 3, 23, 13, 16, 98, 74, 66, 96, 30, 99, 64, 93, 51, 46, 5, 73, 45, 77, 36, 10, 61, 47, 1, 18, 21, 22, 4, 43, 25, 84, 17, 78, 82, 41, 9, 39, 87, 80, 38, 50, 0, 86, 27, 33, 32, 34, 92] 

C:\Users\pierl\OneDrive\Desktop\jobShop-scheduling-simulatedAnniealing-main\instances\test100_12.txt **
Nodes evalauted : 137598
BEST C : 253330
Best sequence : [53, 76, 62, 14, 40, 11, 69, 59, 48, 35, 75, 55, 26, 67, 49, 2, 60, 24, 56, 19, 44, 42, 90, 15, 68, 72, 70, 95, 28, 81, 85, 79, 29, 52, 6, 88, 89, 12, 63, 58, 94, 97, 31, 71, 8, 83, 99, 91, 13, 65, 57, 37, 54, 3, 7, 23, 16, 98, 74, 66, 30, 96, 73, 64, 93, 51, 46, 87, 4, 9, 36, 5, 10, 78, 45, 1, 21, 18, 77, 43, 25, 84, 22, 41, 17, 47, 82, 39, 50, 20, 61, 80, 38, 34, 0, 86, 27, 33, 32, 92] 

C:\Users\pierl\OneDrive\Desktop\jobShop-scheduling-simulatedAnniealing-main\instances\test100_12.txt **
Nodes evalauted : 136163
BEST C : 250968
Best sequence : [53, 14, 76, 62, 11, 40, 48, 69, 35, 75, 59, 95, 15, 49, 67, 2, 60, 24, 56, 90, 19, 44, 55, 72, 42, 29, 91, 28, 8, 81, 79, 85, 89, 6, 12, 68, 52, 88, 63, 31, 70, 26, 94, 99, 83, 71, 54, 58, 13, 57, 65, 23, 37, 7, 3, 20, 16, 98, 74, 66, 97, 96, 64, 73, 30, 46, 93, 51, 50, 61, 4, 77, 10, 41, 47, 5, 18, 21, 1, 22, 78, 25, 84, 82, 36, 43, 39, 17, 87, 45, 80, 38, 9, 0, 86, 27, 33, 32, 34, 92] 

C:\Users\pierl\OneDrive\Desktop\jobShop-scheduling-simulatedAnniealing-main\instances\test100_13.txt **
Nodes evalauted : 121926
BEST C : 267123
Best sequence : [42, 12, 39, 30, 68, 28, 87, 26, 45, 66, 34, 31, 96, 58, 62, 37, 57, 56, 43, 77, 13, 90, 19, 78, 65, 59, 11, 52, 23, 46, 99, 76, 72, 21, 60, 0, 91, 47, 35, 69, 16, 24, 25, 2, 84, 75, 82, 79, 73, 50, 95, 33, 48, 17, 53, 20, 41, 38, 9, 7, 71, 85, 6, 83, 44, 61, 29, 70, 22, 98, 93, 4, 8, 67, 36, 92, 97, 89, 51, 54, 32, 3, 55, 74, 49, 63, 1, 15, 5, 86, 27, 94, 14, 81, 80, 40, 10, 64, 88, 18] 

C:\Users\pierl\OneDrive\Desktop\jobShop-scheduling-simulatedAnniealing-main\instances\test100_13.txt **
Nodes evalauted : 139283
BEST C : 268068
Best sequence : [42, 12, 39, 30, 68, 28, 87, 26, 45, 66, 31, 96, 58, 34, 62, 65, 43, 13, 19, 57, 77, 90, 78, 37, 56, 59, 11, 76, 52, 23, 46, 99, 51, 73, 91, 16, 21, 60, 69, 24, 17, 35, 79, 63, 84, 9, 75, 82, 61, 41, 55, 33, 48, 8, 38, 20, 47, 54, 3, 53, 25, 2, 85, 6, 83, 36, 70, 29, 4, 93, 22, 7, 0, 98, 67, 97, 92, 89, 50, 71, 44, 32, 1, 49, 95, 74, 72, 5, 15, 86, 27, 94, 80, 81, 14, 40, 10, 64, 88, 18] 

C:\Users\pierl\OneDrive\Desktop\jobShop-scheduling-simulatedAnniealing-main\instances\test100_13.txt **
Nodes evalauted : 139641
BEST C : 266542
Best sequence : [42, 30, 39, 68, 28, 12, 45, 87, 26, 31, 66, 56, 96, 58, 59, 43, 13, 57, 62, 34, 77, 90, 19, 78, 65, 37, 11, 76, 52, 23, 46, 99, 51, 73, 91, 0, 16, 20, 47, 21, 24, 25, 60, 17, 84, 35, 82, 79, 61, 41, 3, 8, 38, 2, 69, 48, 9, 4, 71, 63, 50, 7, 6, 33, 54, 97, 70, 29, 22, 83, 98, 93, 67, 36, 89, 55, 53, 74, 75, 44, 85, 92, 49, 32, 95, 1, 15, 5, 72, 27, 86, 14, 81, 80, 94, 10, 64, 40, 88, 18] 

C:\Users\pierl\OneDrive\Desktop\jobShop-scheduling-simulatedAnniealing-main\instances\test100_13.txt **
Nodes evalauted : 139948
BEST C : 265811
Best sequence : [42, 12, 39, 30, 68, 28, 87, 26, 31, 66, 34, 96, 58, 65, 45, 19, 43, 57, 13, 62, 77, 90, 78, 37, 56, 59, 11, 52, 23, 46, 51, 21, 72, 91, 99, 0, 16, 76, 69, 20, 24, 47, 25, 60, 17, 35, 75, 82, 41, 71, 84, 63, 50, 38, 8, 5, 9, 4, 2, 7, 1, 85, 6, 48, 83, 44, 61, 29, 70, 22, 98, 67, 36, 93, 92, 89, 3, 97, 54, 53, 33, 55, 49, 32, 79, 74, 95, 86, 15, 27, 73, 10, 94, 14, 81, 80, 40, 64, 88, 18] 

C:\Users\pierl\OneDrive\Desktop\jobShop-scheduling-simulatedAnniealing-main\instances\test100_13.txt **
Nodes evalauted : 139955
BEST C : 266277
Best sequence : [42, 12, 39, 30, 68, 28, 87, 26, 45, 31, 66, 19, 58, 62, 34, 43, 13, 57, 65, 96, 77, 90, 78, 37, 56, 59, 11, 52, 23, 46, 51, 21, 73, 91, 0, 76, 47, 24, 69, 20, 99, 16, 25, 17, 84, 71, 75, 2, 60, 63, 50, 8, 38, 61, 48, 41, 9, 4, 7, 86, 95, 5, 6, 33, 83, 97, 70, 98, 22, 93, 67, 35, 29, 55, 92, 85, 82, 54, 36, 89, 53, 1, 49, 44, 3, 32, 79, 72, 15, 74, 27, 94, 14, 81, 80, 40, 10, 64, 88, 18] 

C:\Users\pierl\OneDrive\Desktop\jobShop-scheduling-simulatedAnniealing-main\instances\test100_13.txt **
Nodes evalauted : 140109
BEST C : 266562
Best sequence : [42, 12, 39, 30, 68, 28, 87, 26, 45, 66, 31, 96, 58, 34, 65, 43, 62, 57, 13, 90, 37, 77, 78, 19, 56, 59, 11, 52, 23, 46, 99, 51, 21, 73, 91, 0, 16, 76, 69, 47, 60, 17, 25, 84, 2, 71, 9, 79, 82, 35, 61, 38, 20, 48, 8, 41, 53, 50, 4, 7, 3, 54, 85, 6, 83, 33, 75, 70, 98, 22, 93, 67, 24, 29, 92, 97, 89, 55, 1, 36, 44, 5, 32, 95, 49, 74, 27, 86, 63, 72, 14, 10, 81, 15, 80, 40, 64, 94, 88, 18] 

C:\Users\pierl\OneDrive\Desktop\jobShop-scheduling-simulatedAnniealing-main\instances\test100_13.txt **
Nodes evalauted : 140134
BEST C : 265705
Best sequence : [42, 12, 30, 68, 28, 39, 87, 26, 45, 31, 66, 19, 58, 62, 34, 43, 13, 57, 65, 37, 77, 90, 96, 78, 56, 59, 11, 52, 23, 46, 76, 72, 21, 60, 0, 91, 24, 47, 99, 69, 17, 25, 16, 35, 84, 51, 9, 79, 82, 55, 3, 8, 75, 48, 38, 20, 53, 2, 61, 54, 50, 7, 85, 6, 4, 71, 36, 29, 22, 70, 83, 93, 98, 67, 41, 97, 89, 44, 74, 95, 32, 92, 33, 49, 15, 63, 86, 27, 1, 5, 73, 14, 10, 81, 80, 64, 88, 94, 40, 18] 

C:\Users\pierl\OneDrive\Desktop\jobShop-scheduling-simulatedAnniealing-main\instances\test100_13.txt **
Nodes evalauted : 140378
BEST C : 265367
Best sequence : [42, 12, 30, 68, 28, 39, 87, 26, 31, 66, 45, 96, 58, 34, 65, 43, 13, 62, 57, 37, 77, 90, 78, 19, 56, 59, 11, 52, 23, 46, 99, 76, 72, 21, 60, 0, 91, 16, 20, 24, 47, 25, 17, 35, 84, 69, 75, 79, 9, 41, 51, 50, 8, 38, 82, 48, 53, 71, 61, 7, 1, 63, 33, 6, 83, 36, 98, 70, 93, 22, 4, 55, 85, 67, 89, 29, 92, 97, 54, 3, 44, 32, 2, 95, 86, 73, 49, 15, 5, 74, 27, 10, 81, 14, 64, 94, 80, 40, 88, 18] 

C:\Users\pierl\OneDrive\Desktop\jobShop-scheduling-simulatedAnniealing-main\instances\test100_14.txt **
Nodes evalauted : 123202
BEST C : 262356
Best sequence : [49, 88, 89, 33, 41, 65, 32, 38, 53, 52, 87, 45, 9, 15, 54, 78, 29, 95, 85, 71, 27, 70, 75, 37, 96, 42, 39, 28, 62, 83, 25, 56, 79, 14, 82, 34, 1, 77, 46, 2, 80, 90, 84, 76, 59, 98, 94, 12, 20, 47, 93, 60, 13, 0, 99, 40, 61, 44, 36, 51, 48, 64, 22, 66, 17, 67, 8, 69, 91, 30, 26, 10, 58, 50, 55, 81, 72, 23, 35, 5, 7, 21, 3, 68, 24, 19, 97, 6, 73, 4, 86, 31, 18, 74, 43, 63, 57, 11, 92, 16] 

C:\Users\pierl\OneDrive\Desktop\jobShop-scheduling-simulatedAnniealing-main\instances\test100_14.txt **
Nodes evalauted : 140043
BEST C : 261541
Best sequence : [49, 88, 89, 33, 78, 87, 32, 52, 65, 38, 53, 15, 29, 45, 54, 95, 85, 75, 62, 71, 9, 27, 39, 42, 96, 37, 1, 63, 82, 79, 83, 56, 70, 25, 28, 81, 34, 61, 46, 14, 41, 80, 90, 2, 98, 77, 12, 93, 84, 99, 60, 47, 13, 0, 44, 40, 20, 51, 48, 8, 58, 22, 66, 67, 59, 36, 91, 17, 69, 31, 50, 72, 7, 24, 55, 64, 10, 97, 30, 5, 26, 3, 68, 19, 23, 35, 94, 6, 11, 86, 76, 73, 4, 18, 74, 43, 57, 16, 92, 21] 

C:\Users\pierl\OneDrive\Desktop\jobShop-scheduling-simulatedAnniealing-main\instances\test100_14.txt **
Nodes evalauted : 140617
BEST C : 262166
Best sequence : [49, 33, 89, 41, 52, 88, 38, 32, 53, 15, 65, 45, 87, 9, 78, 85, 63, 75, 16, 54, 70, 27, 39, 96, 37, 42, 28, 2, 62, 56, 83, 79, 82, 25, 1, 34, 77, 61, 14, 71, 80, 90, 29, 59, 98, 46, 95, 81, 47, 94, 0, 20, 93, 60, 40, 99, 44, 76, 8, 51, 48, 22, 66, 13, 36, 67, 12, 69, 17, 26, 30, 10, 7, 55, 91, 50, 97, 73, 31, 35, 5, 3, 68, 19, 58, 24, 84, 18, 86, 64, 6, 23, 72, 4, 74, 43, 11, 57, 92, 21] 

C:\Users\pierl\OneDrive\Desktop\jobShop-scheduling-simulatedAnniealing-main\instances\test100_14.txt **
Nodes evalauted : 140903
BEST C : 262154
Best sequence : [49, 88, 33, 87, 52, 65, 32, 38, 89, 45, 54, 9, 53, 15, 95, 85, 41, 78, 63, 75, 70, 27, 39, 96, 37, 1, 28, 62, 2, 79, 83, 56, 25, 84, 14, 34, 81, 71, 46, 93, 80, 90, 12, 82, 59, 98, 94, 42, 61, 47, 76, 0, 13, 20, 99, 40, 60, 44, 48, 8, 51, 58, 22, 66, 67, 36, 17, 29, 69, 64, 10, 26, 7, 21, 50, 24, 55, 30, 72, 3, 5, 68, 97, 35, 19, 91, 6, 31, 86, 23, 73, 4, 18, 74, 43, 77, 57, 11, 16, 92] 

C:\Users\pierl\OneDrive\Desktop\jobShop-scheduling-simulatedAnniealing-main\instances\test100_14.txt **
Nodes evalauted : 141091
BEST C : 262904
Best sequence : [49, 88, 89, 33, 78, 87, 32, 38, 53, 52, 54, 45, 41, 9, 65, 15, 95, 29, 63, 39, 70, 27, 81, 96, 42, 1, 37, 85, 82, 56, 79, 83, 25, 84, 14, 34, 61, 28, 46, 75, 80, 90, 93, 12, 59, 76, 98, 94, 2, 47, 62, 60, 0, 13, 99, 71, 40, 44, 51, 8, 48, 67, 22, 66, 17, 20, 91, 69, 72, 26, 10, 58, 7, 50, 55, 23, 24, 4, 35, 5, 97, 68, 19, 36, 21, 3, 6, 18, 86, 30, 64, 73, 31, 74, 43, 77, 57, 11, 92, 16] 

C:\Users\pierl\OneDrive\Desktop\jobShop-scheduling-simulatedAnniealing-main\instances\test100_14.txt **
Nodes evalauted : 141126
BEST C : 264563
Best sequence : [49, 88, 33, 41, 52, 65, 32, 38, 89, 45, 87, 9, 53, 15, 78, 29, 81, 95, 63, 54, 70, 27, 2, 96, 37, 1, 28, 62, 84, 56, 79, 82, 25, 83, 77, 39, 34, 71, 46, 14, 80, 90, 12, 59, 98, 94, 85, 74, 47, 20, 0, 13, 99, 61, 40, 23, 36, 51, 44, 60, 48, 67, 22, 66, 91, 75, 17, 64, 30, 76, 8, 7, 55, 42, 4, 6, 97, 35, 5, 58, 69, 68, 26, 3, 19, 31, 10, 21, 50, 72, 24, 18, 73, 86, 93, 43, 57, 11, 92, 16] 

C:\Users\pierl\OneDrive\Desktop\jobShop-scheduling-simulatedAnniealing-main\instances\test100_14.txt **
Nodes evalauted : 141302
BEST C : 262657
Best sequence : [49, 88, 89, 87, 52, 41, 38, 32, 53, 78, 54, 45, 65, 9, 15, 29, 81, 75, 62, 33, 70, 27, 39, 96, 37, 95, 28, 63, 82, 56, 25, 83, 79, 14, 71, 34, 42, 61, 46, 77, 1, 80, 2, 59, 98, 94, 85, 12, 20, 99, 90, 60, 13, 72, 0, 40, 84, 36, 44, 51, 48, 22, 47, 66, 67, 8, 58, 30, 23, 50, 26, 7, 17, 69, 55, 11, 24, 97, 76, 3, 35, 5, 68, 91, 10, 18, 6, 19, 64, 31, 86, 73, 4, 74, 93, 43, 57, 16, 92, 21] 

C:\Users\pierl\OneDrive\Desktop\jobShop-scheduling-simulatedAnniealing-main\instances\test100_14.txt **
Nodes evalauted : 141667
BEST C : 263077
Best sequence : [49, 88, 89, 33, 87, 53, 32, 38, 65, 52, 41, 9, 45, 15, 54, 78, 95, 75, 62, 85, 71, 27, 81, 96, 70, 1, 37, 63, 84, 56, 83, 77, 82, 28, 25, 61, 34, 14, 46, 2, 80, 79, 39, 59, 98, 94, 73, 93, 47, 90, 0, 60, 13, 20, 99, 40, 44, 36, 51, 58, 8, 67, 22, 66, 17, 48, 76, 69, 30, 50, 26, 29, 7, 10, 55, 64, 97, 24, 42, 35, 5, 68, 19, 3, 18, 12, 91, 6, 31, 72, 86, 23, 4, 74, 43, 57, 11, 16, 92, 21] 

C:\Users\pierl\OneDrive\Desktop\jobShop-scheduling-simulatedAnniealing-main\instances\test100_15.txt **
Nodes evalauted : 124614
BEST C : 245988
Best sequence : [51, 94, 9, 43, 61, 90, 67, 42, 93, 76, 66, 86, 74, 78, 5, 27, 82, 30, 65, 96, 98, 38, 13, 28, 73, 81, 26, 69, 89, 92, 20, 35, 29, 44, 23, 36, 33, 62, 72, 99, 63, 4, 59, 22, 11, 77, 21, 58, 46, 91, 12, 18, 57, 6, 53, 64, 7, 25, 80, 2, 37, 84, 10, 14, 19, 60, 24, 41, 55, 31, 17, 15, 85, 71, 52, 97, 88, 40, 16, 45, 34, 70, 83, 49, 39, 95, 54, 47, 3, 87, 68, 79, 48, 56, 50, 8, 1, 32, 0, 75] 

C:\Users\pierl\OneDrive\Desktop\jobShop-scheduling-simulatedAnniealing-main\instances\test100_15.txt **
Nodes evalauted : 140969
BEST C : 243735
Best sequence : [51, 94, 43, 90, 61, 9, 27, 42, 86, 76, 93, 67, 78, 66, 82, 74, 5, 20, 30, 98, 13, 96, 28, 38, 52, 65, 26, 69, 4, 89, 81, 92, 33, 44, 29, 35, 36, 72, 62, 99, 57, 23, 77, 46, 59, 88, 73, 58, 21, 91, 12, 63, 84, 6, 1, 64, 7, 97, 22, 60, 11, 19, 18, 37, 10, 2, 55, 25, 41, 14, 24, 17, 48, 15, 85, 31, 53, 32, 80, 16, 40, 34, 45, 70, 49, 54, 47, 3, 39, 71, 87, 95, 83, 79, 68, 0, 56, 50, 8, 75] 

C:\Users\pierl\OneDrive\Desktop\jobShop-scheduling-simulatedAnniealing-main\instances\test100_15.txt **
Nodes evalauted : 141569
BEST C : 245780
Best sequence : [51, 94, 9, 43, 90, 61, 27, 86, 93, 76, 42, 20, 66, 82, 78, 65, 13, 96, 74, 30, 5, 38, 98, 4, 67, 73, 52, 69, 89, 92, 44, 26, 29, 81, 36, 35, 23, 62, 99, 72, 77, 80, 59, 11, 33, 12, 28, 88, 58, 18, 91, 21, 57, 63, 6, 46, 7, 22, 37, 25, 84, 10, 60, 19, 53, 1, 41, 45, 31, 64, 24, 85, 14, 2, 71, 48, 40, 55, 97, 17, 83, 70, 34, 39, 16, 54, 95, 79, 47, 56, 68, 87, 49, 8, 50, 15, 3, 32, 0, 75] 

C:\Users\pierl\OneDrive\Desktop\jobShop-scheduling-simulatedAnniealing-main\instances\test100_15.txt **
Nodes evalauted : 141612
BEST C : 242560
Best sequence : [51, 94, 9, 27, 61, 90, 67, 43, 86, 76, 42, 78, 93, 66, 82, 74, 5, 13, 30, 96, 65, 98, 38, 73, 4, 20, 26, 69, 89, 44, 99, 35, 52, 29, 33, 36, 72, 81, 62, 57, 92, 46, 77, 11, 63, 22, 58, 59, 18, 88, 91, 12, 21, 80, 6, 1, 53, 7, 64, 2, 60, 19, 97, 37, 15, 14, 28, 25, 24, 41, 55, 31, 23, 17, 45, 85, 71, 50, 40, 10, 16, 83, 70, 34, 39, 49, 79, 47, 56, 68, 54, 95, 87, 3, 8, 0, 84, 32, 48, 75] 

C:\Users\pierl\OneDrive\Desktop\jobShop-scheduling-simulatedAnniealing-main\instances\test100_15.txt **
Nodes evalauted : 141768
BEST C : 243771
Best sequence : [51, 94, 9, 43, 90, 61, 27, 66, 76, 42, 86, 93, 78, 67, 82, 20, 30, 74, 65, 13, 38, 98, 52, 4, 5, 81, 26, 89, 92, 28, 35, 33, 29, 44, 69, 23, 36, 73, 62, 99, 72, 77, 46, 96, 11, 59, 80, 58, 12, 18, 91, 21, 57, 6, 63, 53, 22, 7, 37, 64, 2, 60, 19, 25, 1, 84, 10, 97, 55, 17, 88, 14, 24, 85, 31, 41, 83, 71, 40, 49, 45, 34, 70, 56, 39, 16, 47, 68, 54, 48, 87, 95, 15, 79, 3, 32, 8, 0, 50, 75] 

C:\Users\pierl\OneDrive\Desktop\jobShop-scheduling-simulatedAnniealing-main\instances\test100_15.txt **
Nodes evalauted : 141993
BEST C : 244328
Best sequence : [51, 94, 9, 43, 61, 90, 67, 86, 93, 76, 66, 5, 27, 74, 82, 98, 30, 65, 96, 20, 38, 13, 78, 73, 28, 81, 52, 69, 89, 42, 99, 35, 44, 4, 29, 23, 36, 72, 62, 57, 92, 33, 77, 46, 59, 88, 11, 18, 58, 21, 91, 12, 80, 6, 63, 26, 7, 53, 97, 22, 2, 60, 19, 37, 1, 10, 55, 25, 24, 41, 48, 64, 85, 17, 14, 31, 8, 15, 49, 83, 70, 34, 40, 16, 39, 47, 54, 95, 45, 68, 79, 71, 87, 3, 56, 50, 84, 32, 0, 75] 

C:\Users\pierl\OneDrive\Desktop\jobShop-scheduling-simulatedAnniealing-main\instances\test100_15.txt **
Nodes evalauted : 142250
BEST C : 244469
Best sequence : [51, 94, 9, 43, 90, 61, 27, 42, 93, 76, 66, 86, 74, 78, 5, 82, 67, 30, 65, 13, 96, 38, 20, 28, 52, 4, 81, 73, 69, 44, 89, 99, 72, 33, 29, 26, 36, 35, 62, 98, 92, 23, 77, 59, 11, 46, 88, 58, 18, 12, 91, 21, 63, 6, 57, 84, 53, 97, 2, 10, 60, 19, 22, 25, 1, 55, 24, 7, 64, 31, 41, 17, 48, 80, 85, 45, 14, 37, 50, 34, 40, 71, 56, 16, 54, 70, 79, 47, 39, 95, 87, 49, 15, 68, 3, 83, 8, 32, 0, 75] 

C:\Users\pierl\OneDrive\Desktop\jobShop-scheduling-simulatedAnniealing-main\instances\test100_15.txt **
Nodes evalauted : 142547
BEST C : 242325
Best sequence : [27, 94, 9, 51, 90, 43, 67, 61, 86, 76, 93, 42, 78, 66, 82, 74, 5, 13, 30, 96, 65, 98, 38, 52, 4, 73, 26, 28, 69, 81, 44, 89, 99, 33, 35, 29, 23, 36, 57, 72, 62, 92, 46, 59, 22, 11, 88, 18, 58, 77, 21, 91, 12, 20, 63, 6, 75, 1, 64, 60, 19, 37, 10, 25, 45, 55, 7, 2, 41, 97, 14, 31, 17, 15, 85, 53, 48, 56, 40, 16, 83, 71, 80, 24, 70, 34, 39, 95, 3, 79, 54, 49, 87, 47, 68, 84, 8, 32, 50, 0] 

C:\Users\pierl\OneDrive\Desktop\jobShop-scheduling-simulatedAnniealing-main\instances\test100_16.txt **
Nodes evalauted : 124953
BEST C : 251255
Best sequence : [81, 45, 44, 42, 3, 99, 0, 90, 48, 89, 26, 79, 68, 55, 39, 4, 74, 23, 78, 93, 46, 61, 43, 29, 34, 73, 15, 9, 30, 63, 69, 22, 92, 64, 72, 8, 27, 19, 16, 82, 1, 54, 41, 58, 12, 53, 20, 94, 49, 84, 95, 13, 11, 24, 31, 70, 6, 98, 7, 37, 47, 14, 65, 21, 87, 96, 76, 77, 75, 51, 52, 80, 10, 85, 25, 2, 17, 18, 86, 97, 91, 33, 71, 66, 35, 40, 59, 50, 56, 67, 5, 57, 62, 60, 38, 83, 36, 32, 88, 28] 

C:\Users\pierl\OneDrive\Desktop\jobShop-scheduling-simulatedAnniealing-main\instances\test100_16.txt **
Nodes evalauted : 135508
BEST C : 250181
Best sequence : [81, 45, 44, 90, 42, 99, 0, 48, 3, 89, 31, 26, 79, 55, 39, 4, 93, 23, 74, 78, 46, 61, 43, 34, 29, 73, 15, 9, 30, 63, 41, 68, 92, 72, 69, 52, 8, 58, 54, 82, 27, 22, 21, 14, 12, 6, 77, 94, 49, 84, 24, 19, 11, 95, 1, 13, 18, 70, 7, 53, 37, 47, 65, 87, 76, 20, 80, 35, 5, 40, 51, 86, 85, 10, 25, 16, 2, 17, 75, 66, 71, 91, 97, 33, 98, 56, 67, 50, 59, 38, 57, 96, 60, 62, 83, 64, 36, 32, 88, 28] 

C:\Users\pierl\OneDrive\Desktop\jobShop-scheduling-simulatedAnniealing-main\instances\test100_16.txt **
Nodes evalauted : 136825
BEST C : 247839
Best sequence : [81, 45, 44, 42, 3, 90, 99, 0, 48, 89, 26, 79, 31, 68, 55, 4, 93, 23, 74, 78, 46, 61, 43, 34, 29, 73, 15, 9, 30, 63, 41, 72, 92, 69, 8, 58, 21, 12, 19, 82, 16, 53, 54, 84, 14, 52, 1, 22, 85, 27, 94, 49, 24, 95, 39, 11, 20, 18, 70, 7, 87, 13, 47, 76, 96, 77, 80, 6, 5, 98, 51, 35, 10, 86, 65, 2, 17, 40, 33, 25, 97, 37, 66, 91, 71, 59, 75, 56, 38, 57, 67, 60, 62, 50, 83, 64, 36, 32, 88, 28] 

C:\Users\pierl\OneDrive\Desktop\jobShop-scheduling-simulatedAnniealing-main\instances\test100_16.txt **
Nodes evalauted : 140546
BEST C : 248675
Best sequence : [81, 45, 44, 90, 42, 99, 0, 48, 3, 89, 31, 26, 79, 55, 39, 4, 93, 23, 74, 78, 46, 61, 43, 34, 29, 73, 15, 9, 30, 63, 41, 22, 92, 21, 8, 52, 69, 12, 54, 82, 16, 1, 77, 14, 84, 13, 27, 53, 6, 19, 49, 24, 72, 11, 95, 85, 58, 18, 87, 98, 7, 94, 47, 65, 96, 64, 70, 80, 20, 86, 50, 51, 75, 17, 35, 32, 25, 97, 2, 10, 71, 66, 37, 59, 40, 33, 91, 56, 38, 5, 57, 67, 60, 62, 76, 83, 36, 88, 68, 28] 

C:\Users\pierl\OneDrive\Desktop\jobShop-scheduling-simulatedAnniealing-main\instances\test100_16.txt **
Nodes evalauted : 140580
BEST C : 248682
Best sequence : [81, 45, 44, 42, 3, 90, 99, 0, 48, 89, 26, 79, 31, 68, 55, 4, 93, 23, 74, 78, 46, 61, 43, 34, 29, 73, 15, 9, 30, 63, 41, 22, 92, 69, 8, 12, 64, 52, 16, 82, 27, 72, 1, 54, 84, 14, 39, 13, 77, 19, 49, 95, 24, 21, 11, 85, 18, 58, 94, 7, 87, 20, 47, 65, 96, 98, 53, 50, 35, 32, 51, 70, 10, 40, 2, 17, 75, 97, 25, 66, 86, 80, 91, 33, 59, 37, 57, 71, 56, 67, 5, 60, 62, 38, 76, 6, 83, 36, 88, 28] 

C:\Users\pierl\OneDrive\Desktop\jobShop-scheduling-simulatedAnniealing-main\instances\test100_16.txt **
Nodes evalauted : 140034
BEST C : 249717
Best sequence : [81, 45, 44, 90, 42, 3, 99, 0, 48, 89, 26, 79, 68, 55, 39, 74, 4, 93, 23, 78, 46, 61, 43, 34, 29, 73, 15, 12, 30, 9, 69, 72, 63, 41, 31, 28, 8, 16, 82, 52, 1, 21, 27, 54, 84, 14, 13, 64, 94, 49, 95, 19, 11, 24, 53, 20, 70, 7, 85, 98, 47, 92, 58, 96, 22, 87, 80, 6, 5, 86, 65, 51, 35, 10, 18, 2, 17, 40, 25, 97, 37, 66, 91, 71, 59, 33, 67, 57, 75, 56, 50, 60, 62, 38, 76, 83, 77, 36, 32, 88] 

C:\Users\pierl\OneDrive\Desktop\jobShop-scheduling-simulatedAnniealing-main\instances\test100_16.txt **
Nodes evalauted : 140940
BEST C : 247776
Best sequence : [81, 45, 44, 42, 3, 99, 0, 90, 48, 89, 26, 79, 68, 55, 39, 4, 93, 74, 23, 78, 46, 61, 43, 34, 29, 73, 15, 9, 30, 63, 41, 58, 92, 21, 8, 52, 69, 22, 72, 16, 82, 1, 54, 27, 31, 13, 84, 12, 53, 20, 49, 94, 24, 11, 95, 14, 6, 32, 7, 18, 85, 70, 65, 47, 87, 96, 98, 80, 76, 5, 35, 86, 51, 40, 25, 17, 67, 19, 97, 2, 91, 66, 37, 33, 10, 71, 56, 75, 59, 38, 57, 77, 60, 62, 50, 64, 83, 36, 88, 28] 

C:\Users\pierl\OneDrive\Desktop\jobShop-scheduling-simulatedAnniealing-main\instances\test100_16.txt **
Nodes evalauted : 140925
BEST C : 251559
Best sequence : [81, 45, 44, 42, 3, 99, 0, 90, 48, 89, 26, 79, 68, 55, 39, 4, 93, 74, 23, 78, 46, 61, 43, 34, 29, 73, 15, 9, 31, 30, 63, 72, 69, 8, 41, 12, 54, 19, 82, 52, 1, 16, 21, 14, 13, 53, 6, 94, 49, 84, 95, 77, 92, 58, 76, 98, 24, 11, 7, 18, 85, 47, 70, 22, 96, 87, 36, 64, 50, 51, 75, 17, 35, 2, 10, 37, 97, 86, 65, 25, 66, 80, 91, 71, 56, 33, 5, 40, 59, 67, 27, 57, 20, 60, 62, 38, 83, 32, 88, 28] 

C:\Users\pierl\OneDrive\Desktop\jobShop-scheduling-simulatedAnniealing-main\instances\test100_17.txt **
Nodes evalauted : 122259
BEST C : 256835
Best sequence : [67, 82, 5, 41, 96, 7, 85, 46, 25, 17, 38, 12, 11, 20, 0, 86, 39, 65, 84, 21, 61, 58, 22, 71, 79, 99, 45, 26, 4, 68, 90, 93, 47, 18, 52, 75, 33, 95, 66, 88, 64, 16, 30, 59, 35, 55, 23, 49, 78, 53, 92, 91, 62, 6, 98, 74, 60, 3, 1, 42, 73, 76, 94, 24, 80, 8, 15, 50, 51, 56, 97, 29, 40, 9, 43, 83, 19, 87, 48, 34, 44, 81, 89, 14, 69, 13, 27, 57, 36, 32, 54, 31, 72, 2, 10, 37, 28, 63, 70, 77] 

C:\Users\pierl\OneDrive\Desktop\jobShop-scheduling-simulatedAnniealing-main\instances\test100_17.txt **
Nodes evalauted : 139151
BEST C : 258218
Best sequence : [67, 82, 5, 41, 96, 7, 85, 46, 11, 25, 17, 38, 12, 20, 0, 99, 39, 86, 84, 21, 61, 65, 95, 33, 79, 58, 71, 26, 22, 3, 45, 47, 88, 8, 75, 90, 30, 52, 49, 91, 60, 35, 66, 4, 55, 23, 16, 59, 64, 78, 50, 62, 53, 68, 98, 6, 74, 89, 92, 93, 1, 73, 76, 94, 77, 42, 72, 40, 97, 56, 14, 29, 9, 87, 24, 83, 15, 44, 19, 69, 34, 48, 43, 57, 51, 13, 81, 27, 80, 36, 32, 54, 37, 18, 31, 28, 63, 10, 2, 70] 

C:\Users\pierl\OneDrive\Desktop\jobShop-scheduling-simulatedAnniealing-main\instances\test100_17.txt **
Nodes evalauted : 139630
BEST C : 257446
Best sequence : [67, 82, 5, 41, 96, 7, 85, 17, 11, 70, 25, 38, 12, 20, 0, 99, 39, 86, 84, 46, 61, 58, 22, 71, 79, 68, 65, 45, 26, 93, 3, 88, 30, 8, 90, 64, 75, 33, 21, 66, 52, 49, 18, 91, 80, 55, 23, 47, 6, 92, 35, 50, 95, 62, 98, 77, 42, 59, 4, 73, 53, 76, 24, 74, 78, 16, 97, 56, 40, 15, 43, 14, 89, 9, 94, 83, 87, 19, 29, 34, 1, 44, 69, 57, 48, 81, 13, 27, 36, 51, 32, 37, 28, 54, 60, 2, 72, 31, 10, 63] 

C:\Users\pierl\OneDrive\Desktop\jobShop-scheduling-simulatedAnniealing-main\instances\test100_17.txt **
Nodes evalauted : 139918
BEST C : 259386
Best sequence : [67, 82, 5, 41, 96, 7, 85, 46, 25, 17, 38, 12, 11, 20, 0, 99, 39, 86, 84, 21, 61, 58, 22, 71, 79, 33, 68, 65, 3, 45, 90, 93, 64, 26, 4, 75, 47, 52, 8, 66, 80, 16, 30, 60, 95, 55, 53, 23, 92, 6, 59, 35, 49, 88, 77, 89, 1, 42, 50, 62, 73, 24, 94, 76, 54, 15, 72, 74, 87, 44, 97, 29, 98, 19, 78, 34, 83, 40, 43, 9, 14, 48, 69, 36, 13, 81, 56, 57, 27, 32, 51, 91, 18, 31, 10, 37, 28, 63, 70, 2] 

C:\Users\pierl\OneDrive\Desktop\jobShop-scheduling-simulatedAnniealing-main\instances\test100_17.txt **
Nodes evalauted : 140577
BEST C : 256568
Best sequence : [67, 82, 5, 41, 96, 7, 85, 46, 70, 25, 17, 12, 11, 20, 0, 99, 39, 65, 84, 38, 61, 86, 95, 33, 79, 71, 68, 26, 58, 3, 90, 22, 64, 47, 80, 52, 75, 49, 8, 66, 30, 16, 35, 59, 78, 6, 23, 91, 4, 21, 50, 55, 62, 53, 92, 18, 60, 45, 1, 93, 73, 76, 74, 89, 24, 97, 56, 40, 98, 94, 9, 42, 15, 14, 43, 87, 83, 29, 81, 44, 34, 48, 19, 69, 88, 27, 13, 57, 54, 36, 32, 51, 31, 72, 77, 28, 37, 10, 63, 2] 

C:\Users\pierl\OneDrive\Desktop\jobShop-scheduling-simulatedAnniealing-main\instances\test100_17.txt **
Nodes evalauted : 139693
BEST C : 257047
Best sequence : [67, 82, 5, 41, 96, 7, 85, 46, 11, 70, 25, 38, 12, 20, 0, 99, 39, 65, 86, 21, 84, 61, 95, 33, 79, 71, 58, 68, 26, 93, 22, 4, 88, 30, 8, 75, 47, 90, 64, 66, 17, 18, 16, 52, 49, 59, 35, 55, 53, 92, 91, 62, 50, 45, 74, 80, 42, 23, 1, 63, 89, 24, 98, 76, 6, 78, 94, 15, 97, 56, 9, 44, 14, 40, 69, 29, 83, 19, 43, 34, 73, 87, 48, 57, 36, 32, 13, 81, 27, 51, 54, 37, 72, 2, 3, 31, 60, 10, 28, 77] 

C:\Users\pierl\OneDrive\Desktop\jobShop-scheduling-simulatedAnniealing-main\instances\test100_17.txt **
Nodes evalauted : 140650
BEST C : 258852
Best sequence : [67, 82, 5, 41, 96, 7, 85, 46, 11, 70, 17, 38, 12, 20, 0, 99, 39, 86, 84, 21, 61, 65, 22, 71, 79, 68, 33, 45, 58, 26, 3, 18, 64, 90, 52, 47, 75, 95, 66, 93, 30, 60, 25, 78, 55, 23, 49, 16, 8, 53, 92, 59, 35, 50, 88, 91, 89, 74, 4, 73, 76, 24, 94, 6, 54, 56, 40, 98, 15, 42, 14, 62, 9, 1, 44, 19, 87, 34, 29, 83, 69, 43, 97, 48, 57, 13, 81, 27, 72, 36, 32, 51, 31, 10, 37, 80, 2, 28, 63, 77] 

C:\Users\pierl\OneDrive\Desktop\jobShop-scheduling-simulatedAnniealing-main\instances\test100_17.txt **
Nodes evalauted : 140912
BEST C : 256044
Best sequence : [67, 82, 5, 41, 96, 7, 85, 46, 11, 70, 25, 38, 12, 20, 0, 99, 39, 65, 86, 21, 84, 61, 95, 33, 79, 71, 58, 68, 26, 4, 22, 93, 47, 88, 64, 75, 90, 52, 49, 30, 8, 66, 45, 16, 77, 35, 55, 23, 6, 78, 92, 91, 18, 62, 98, 59, 74, 42, 63, 17, 53, 1, 73, 76, 94, 60, 56, 24, 40, 15, 87, 43, 14, 29, 50, 48, 89, 9, 83, 34, 44, 19, 69, 36, 97, 27, 72, 57, 51, 13, 81, 80, 32, 54, 3, 37, 28, 31, 10, 2] 

C:\Users\pierl\OneDrive\Desktop\jobShop-scheduling-simulatedAnniealing-main\instances\test100_18.txt **
Nodes evalauted : 123874
BEST C : 275386
Best sequence : [68, 72, 60, 48, 53, 18, 94, 43, 39, 51, 26, 63, 22, 54, 61, 69, 5, 4, 86, 20, 46, 44, 28, 10, 56, 58, 77, 59, 90, 11, 76, 29, 8, 74, 98, 66, 75, 50, 89, 0, 45, 81, 52, 35, 30, 65, 55, 49, 13, 38, 17, 97, 16, 95, 88, 32, 19, 99, 71, 80, 23, 57, 24, 6, 34, 15, 93, 92, 84, 1, 3, 36, 14, 96, 73, 79, 78, 85, 42, 83, 37, 9, 67, 7, 27, 82, 87, 47, 25, 64, 33, 41, 31, 12, 21, 91, 70, 40, 62, 2] 

C:\Users\pierl\OneDrive\Desktop\jobShop-scheduling-simulatedAnniealing-main\instances\test100_18.txt **
Nodes evalauted : 139140
BEST C : 275158
Best sequence : [68, 60, 48, 53, 72, 18, 94, 51, 39, 43, 26, 63, 4, 62, 54, 22, 5, 86, 61, 20, 44, 28, 46, 56, 69, 38, 11, 10, 59, 76, 58, 8, 83, 90, 98, 0, 75, 29, 66, 50, 89, 35, 74, 77, 55, 13, 81, 49, 45, 73, 97, 14, 17, 33, 32, 30, 71, 88, 19, 23, 47, 80, 93, 6, 95, 96, 57, 92, 84, 99, 78, 3, 24, 37, 27, 65, 85, 79, 9, 82, 67, 36, 42, 1, 87, 25, 15, 7, 52, 64, 70, 34, 16, 41, 12, 21, 91, 31, 40, 2] 

C:\Users\pierl\OneDrive\Desktop\jobShop-scheduling-simulatedAnniealing-main\instances\test100_18.txt **
Nodes evalauted : 139681
BEST C : 272963
Best sequence : [68, 72, 60, 48, 53, 18, 94, 43, 39, 51, 26, 63, 4, 22, 54, 61, 5, 86, 44, 20, 46, 10, 69, 38, 59, 58, 11, 83, 90, 77, 76, 28, 0, 75, 8, 74, 50, 89, 47, 14, 98, 29, 66, 52, 55, 81, 49, 65, 13, 35, 45, 17, 19, 97, 95, 32, 80, 56, 88, 71, 25, 23, 73, 6, 57, 78, 24, 96, 30, 92, 99, 37, 27, 3, 9, 36, 85, 79, 82, 1, 42, 93, 87, 84, 67, 34, 33, 7, 15, 64, 16, 31, 41, 12, 21, 70, 91, 40, 62, 2] 

C:\Users\pierl\OneDrive\Desktop\jobShop-scheduling-simulatedAnniealing-main\instances\test100_18.txt **
Nodes evalauted : 140058
BEST C : 273564
Best sequence : [68, 60, 72, 48, 53, 18, 43, 51, 39, 94, 26, 63, 4, 22, 54, 61, 5, 86, 44, 20, 69, 28, 38, 11, 56, 58, 75, 83, 90, 76, 46, 29, 35, 59, 8, 45, 50, 14, 89, 47, 0, 77, 52, 66, 15, 65, 98, 13, 19, 55, 10, 25, 97, 16, 73, 88, 32, 17, 99, 71, 23, 84, 93, 6, 95, 78, 96, 81, 57, 92, 9, 1, 3, 24, 37, 30, 79, 85, 80, 67, 42, 27, 87, 33, 82, 36, 7, 12, 34, 64, 74, 41, 31, 49, 21, 91, 70, 40, 62, 2] 

C:\Users\pierl\OneDrive\Desktop\jobShop-scheduling-simulatedAnniealing-main\instances\test100_18.txt **
Nodes evalauted : 140100
BEST C : 271316
Best sequence : [68, 72, 60, 48, 53, 18, 94, 43, 39, 51, 26, 63, 4, 62, 54, 61, 5, 86, 44, 20, 28, 46, 38, 69, 59, 11, 10, 83, 90, 58, 76, 29, 56, 0, 22, 98, 35, 75, 50, 89, 77, 14, 8, 74, 55, 66, 47, 99, 65, 81, 19, 16, 25, 17, 27, 97, 32, 88, 80, 15, 71, 84, 52, 6, 33, 78, 24, 96, 30, 92, 23, 36, 9, 82, 1, 3, 95, 79, 85, 42, 73, 37, 67, 93, 87, 57, 7, 13, 64, 49, 12, 34, 31, 41, 70, 21, 91, 40, 45, 2] 

C:\Users\pierl\OneDrive\Desktop\jobShop-scheduling-simulatedAnniealing-main\instances\test100_18.txt **
Nodes evalauted : 140426
BEST C : 272449
Best sequence : [68, 72, 60, 48, 53, 18, 94, 43, 39, 51, 26, 63, 4, 62, 54, 61, 5, 86, 74, 44, 20, 69, 22, 56, 11, 46, 77, 38, 90, 76, 58, 28, 35, 59, 98, 66, 75, 83, 89, 47, 14, 10, 29, 81, 15, 0, 30, 65, 55, 13, 49, 25, 97, 19, 33, 32, 99, 88, 17, 71, 52, 23, 93, 6, 50, 78, 96, 40, 1, 92, 9, 24, 37, 82, 73, 3, 95, 79, 85, 80, 67, 36, 87, 84, 57, 42, 64, 27, 7, 12, 34, 41, 31, 16, 8, 21, 91, 70, 45, 2] 

C:\Users\pierl\OneDrive\Desktop\jobShop-scheduling-simulatedAnniealing-main\instances\test100_18.txt **
Nodes evalauted : 140556
BEST C : 273040
Best sequence : [68, 72, 60, 48, 53, 18, 94, 43, 39, 51, 26, 63, 4, 22, 54, 61, 5, 86, 69, 28, 20, 44, 46, 38, 56, 58, 10, 59, 90, 11, 35, 76, 29, 75, 0, 8, 45, 83, 14, 89, 77, 98, 74, 81, 55, 15, 66, 52, 19, 16, 27, 17, 33, 32, 80, 95, 71, 65, 99, 88, 23, 93, 6, 47, 24, 97, 96, 84, 50, 92, 78, 37, 1, 82, 3, 36, 73, 79, 85, 42, 9, 67, 57, 87, 30, 7, 13, 64, 25, 34, 49, 41, 12, 21, 31, 91, 70, 40, 62, 2] 

C:\Users\pierl\OneDrive\Desktop\jobShop-scheduling-simulatedAnniealing-main\instances\test100_18.txt **
Nodes evalauted : 140916
BEST C : 274485
Best sequence : [68, 72, 60, 48, 53, 18, 94, 43, 39, 51, 26, 63, 62, 54, 69, 4, 61, 5, 86, 74, 20, 28, 38, 11, 56, 58, 59, 90, 44, 10, 29, 22, 0, 77, 8, 75, 50, 14, 76, 89, 47, 46, 99, 98, 35, 66, 52, 65, 55, 13, 81, 15, 17, 49, 83, 88, 32, 33, 23, 80, 40, 24, 6, 73, 78, 96, 84, 1, 97, 92, 9, 82, 36, 3, 30, 79, 85, 71, 19, 37, 95, 87, 93, 57, 42, 25, 67, 34, 64, 27, 7, 12, 41, 31, 16, 21, 91, 70, 45, 2] 

C:\Users\pierl\OneDrive\Desktop\jobShop-scheduling-simulatedAnniealing-main\instances\test100_19.txt **
Nodes evalauted : 125059
BEST C : 276108
Best sequence : [90, 63, 30, 68, 50, 2, 25, 35, 40, 95, 41, 29, 98, 10, 81, 16, 67, 97, 99, 24, 23, 59, 8, 80, 12, 34, 76, 45, 70, 42, 32, 33, 58, 73, 72, 71, 9, 88, 64, 4, 28, 44, 85, 19, 92, 5, 6, 14, 51, 3, 17, 87, 48, 1, 7, 15, 0, 69, 31, 93, 56, 27, 13, 18, 89, 37, 66, 26, 84, 60, 77, 94, 47, 52, 20, 62, 49, 91, 83, 38, 36, 74, 21, 79, 78, 65, 75, 55, 39, 57, 43, 82, 61, 53, 22, 96, 54, 86, 11, 46] 

C:\Users\pierl\OneDrive\Desktop\jobShop-scheduling-simulatedAnniealing-main\instances\test100_19.txt **
Nodes evalauted : 139595
BEST C : 276253
Best sequence : [90, 2, 63, 68, 41, 29, 35, 25, 40, 95, 50, 30, 98, 10, 99, 81, 16, 67, 24, 33, 97, 23, 80, 13, 32, 12, 45, 8, 76, 70, 42, 6, 73, 72, 59, 48, 9, 4, 58, 71, 69, 44, 28, 5, 56, 64, 51, 39, 17, 3, 77, 1, 0, 52, 7, 14, 21, 31, 15, 60, 20, 66, 93, 85, 27, 83, 87, 34, 47, 78, 94, 18, 89, 84, 26, 62, 38, 49, 88, 22, 74, 79, 37, 91, 36, 65, 55, 75, 92, 57, 53, 43, 19, 61, 82, 96, 54, 86, 11, 46] 

C:\Users\pierl\OneDrive\Desktop\jobShop-scheduling-simulatedAnniealing-main\instances\test100_19.txt **
Nodes evalauted : 140203
BEST C : 276688
Best sequence : [90, 2, 63, 68, 41, 29, 25, 40, 35, 95, 50, 30, 98, 10, 81, 16, 67, 97, 99, 24, 23, 8, 33, 80, 59, 13, 12, 42, 32, 45, 58, 76, 88, 70, 82, 64, 48, 14, 73, 77, 4, 69, 44, 92, 5, 85, 6, 51, 9, 3, 71, 1, 60, 0, 21, 7, 93, 66, 89, 31, 34, 20, 15, 27, 83, 17, 52, 84, 18, 26, 91, 38, 78, 94, 47, 37, 49, 62, 57, 22, 79, 36, 74, 72, 87, 55, 39, 65, 75, 43, 19, 53, 28, 56, 61, 96, 54, 86, 11, 46] 

C:\Users\pierl\OneDrive\Desktop\jobShop-scheduling-simulatedAnniealing-main\instances\test100_19.txt **
Nodes evalauted : 140458
BEST C : 276297
Best sequence : [90, 2, 63, 68, 50, 30, 25, 35, 40, 95, 41, 29, 98, 10, 99, 81, 16, 67, 97, 23, 8, 24, 33, 80, 32, 59, 34, 76, 70, 42, 12, 73, 44, 28, 88, 9, 64, 71, 4, 58, 45, 92, 6, 5, 19, 48, 51, 69, 17, 31, 77, 3, 85, 52, 7, 93, 60, 89, 72, 87, 56, 15, 20, 1, 14, 18, 84, 27, 26, 91, 66, 47, 78, 94, 0, 49, 62, 37, 83, 21, 79, 36, 65, 74, 39, 38, 55, 53, 43, 75, 13, 57, 82, 61, 22, 96, 54, 86, 46, 11] 

C:\Users\pierl\OneDrive\Desktop\jobShop-scheduling-simulatedAnniealing-main\instances\test100_19.txt **
Nodes evalauted : 140007
BEST C : 276713
Best sequence : [90, 63, 2, 41, 30, 25, 35, 40, 95, 68, 50, 29, 98, 10, 81, 16, 67, 99, 24, 97, 23, 80, 59, 13, 8, 45, 34, 76, 42, 33, 58, 73, 12, 32, 88, 70, 9, 72, 4, 64, 14, 19, 85, 69, 5, 56, 44, 6, 17, 51, 39, 75, 15, 1, 0, 48, 89, 31, 21, 3, 93, 60, 83, 66, 71, 18, 84, 20, 91, 52, 47, 78, 94, 7, 27, 77, 26, 62, 37, 38, 49, 74, 79, 55, 36, 65, 87, 92, 57, 43, 82, 28, 53, 61, 22, 96, 54, 86, 11, 46] 

C:\Users\pierl\OneDrive\Desktop\jobShop-scheduling-simulatedAnniealing-main\instances\test100_19.txt **
Nodes evalauted : 138677
BEST C : 278138
Best sequence : [90, 63, 2, 41, 30, 25, 35, 40, 95, 68, 50, 29, 98, 10, 99, 81, 16, 67, 97, 23, 8, 33, 80, 13, 12, 34, 76, 32, 45, 42, 61, 70, 24, 73, 88, 58, 9, 64, 4, 44, 69, 85, 72, 19, 92, 56, 77, 17, 51, 31, 6, 1, 0, 71, 7, 14, 87, 21, 75, 53, 28, 15, 89, 91, 66, 26, 20, 18, 84, 52, 47, 60, 94, 49, 62, 78, 27, 5, 22, 79, 74, 83, 37, 3, 36, 38, 55, 39, 65, 93, 57, 43, 82, 59, 48, 96, 54, 86, 46, 11] 

C:\Users\pierl\OneDrive\Desktop\jobShop-scheduling-simulatedAnniealing-main\instances\test100_19.txt **
Nodes evalauted : 140535
BEST C : 275896
Best sequence : [90, 2, 63, 68, 41, 29, 35, 25, 40, 95, 50, 30, 98, 10, 99, 81, 16, 67, 97, 23, 24, 33, 59, 13, 12, 32, 80, 8, 76, 42, 45, 70, 58, 73, 28, 9, 72, 44, 6, 4, 77, 85, 19, 82, 34, 31, 14, 69, 17, 71, 51, 3, 39, 52, 1, 5, 15, 0, 66, 7, 21, 88, 46, 64, 18, 89, 20, 84, 91, 93, 60, 26, 94, 47, 78, 62, 49, 27, 83, 38, 37, 36, 74, 79, 55, 65, 75, 92, 87, 56, 43, 57, 53, 61, 96, 22, 48, 54, 86, 11] 

C:\Users\pierl\OneDrive\Desktop\jobShop-scheduling-simulatedAnniealing-main\instances\test100_19.txt **
Nodes evalauted : 140652
BEST C : 277049
Best sequence : [90, 2, 63, 68, 41, 29, 25, 40, 35, 95, 50, 30, 98, 10, 81, 16, 67, 97, 99, 24, 23, 8, 33, 80, 59, 34, 32, 76, 12, 42, 45, 58, 73, 72, 71, 70, 6, 4, 56, 88, 28, 61, 13, 48, 31, 14, 69, 17, 5, 85, 1, 51, 64, 87, 21, 66, 89, 9, 7, 52, 20, 0, 77, 3, 60, 83, 18, 39, 37, 26, 47, 78, 94, 84, 91, 27, 62, 49, 65, 15, 79, 93, 74, 36, 38, 55, 75, 92, 43, 44, 53, 57, 22, 19, 82, 96, 54, 86, 46, 11] 

C:\Users\pierl\OneDrive\Desktop\jobShop-scheduling-simulatedAnniealing-main\instances\test100_2.txt **
Nodes evalauted : 122577
BEST C : 279902
Best sequence : [90, 31, 80, 84, 65, 91, 1, 45, 82, 96, 78, 60, 95, 2, 83, 14, 44, 23, 52, 19, 58, 56, 11, 85, 12, 9, 47, 61, 76, 37, 63, 86, 7, 75, 22, 34, 97, 66, 13, 74, 26, 4, 41, 64, 18, 72, 98, 17, 49, 81, 0, 38, 92, 77, 46, 3, 99, 10, 35, 16, 62, 88, 42, 20, 30, 71, 89, 33, 24, 5, 27, 29, 70, 93, 68, 32, 28, 8, 57, 59, 36, 39, 51, 50, 79, 87, 54, 15, 94, 21, 43, 6, 25, 73, 53, 48, 69, 40, 67, 55] 

C:\Users\pierl\OneDrive\Desktop\jobShop-scheduling-simulatedAnniealing-main\instances\test100_2.txt **
Nodes evalauted : 139621
BEST C : 280198
Best sequence : [90, 31, 80, 84, 65, 91, 82, 45, 1, 96, 60, 83, 95, 2, 23, 14, 78, 52, 56, 58, 19, 11, 44, 47, 85, 12, 86, 9, 13, 76, 63, 61, 66, 7, 75, 22, 34, 97, 74, 37, 4, 26, 41, 72, 64, 98, 18, 81, 0, 17, 43, 38, 35, 25, 99, 3, 36, 57, 92, 77, 88, 71, 5, 10, 20, 28, 48, 62, 87, 21, 39, 8, 68, 93, 70, 30, 42, 32, 59, 16, 79, 51, 94, 89, 33, 50, 24, 46, 54, 15, 27, 49, 6, 73, 29, 53, 69, 40, 67, 55] 

C:\Users\pierl\OneDrive\Desktop\jobShop-scheduling-simulatedAnniealing-main\instances\test100_2.txt **
Nodes evalauted : 139935
BEST C : 278156
Best sequence : [90, 31, 80, 84, 65, 91, 82, 45, 1, 60, 96, 83, 2, 14, 95, 23, 78, 52, 56, 58, 19, 11, 44, 47, 85, 12, 86, 9, 13, 76, 63, 61, 66, 7, 75, 22, 34, 97, 74, 37, 4, 26, 41, 0, 64, 18, 98, 17, 72, 43, 81, 38, 35, 25, 99, 92, 3, 36, 77, 10, 16, 94, 20, 42, 71, 24, 88, 28, 51, 57, 30, 87, 39, 8, 89, 59, 70, 93, 54, 79, 32, 15, 46, 62, 33, 50, 5, 21, 68, 27, 49, 6, 73, 48, 29, 53, 40, 69, 67, 55] 

C:\Users\pierl\OneDrive\Desktop\jobShop-scheduling-simulatedAnniealing-main\instances\test100_2.txt **
Nodes evalauted : 138753
BEST C : 278372
Best sequence : [90, 31, 80, 84, 65, 91, 82, 45, 60, 96, 83, 78, 1, 14, 95, 2, 23, 52, 56, 19, 58, 44, 13, 11, 85, 12, 86, 47, 61, 76, 37, 63, 9, 7, 75, 0, 34, 97, 66, 74, 26, 41, 4, 64, 18, 72, 98, 17, 22, 49, 81, 92, 38, 35, 25, 3, 99, 46, 57, 77, 29, 20, 24, 30, 28, 42, 36, 16, 94, 71, 51, 10, 59, 62, 70, 93, 39, 32, 8, 79, 89, 88, 87, 54, 15, 50, 33, 21, 27, 43, 5, 68, 6, 73, 53, 48, 69, 40, 67, 55] 

C:\Users\pierl\OneDrive\Desktop\jobShop-scheduling-simulatedAnniealing-main\instances\test100_2.txt **
Nodes evalauted : 139065
BEST C : 280931
Best sequence : [90, 31, 80, 84, 65, 91, 82, 45, 1, 96, 60, 83, 95, 2, 23, 14, 44, 78, 52, 58, 56, 19, 11, 47, 85, 12, 86, 9, 61, 76, 13, 63, 66, 7, 75, 0, 34, 97, 22, 74, 26, 37, 4, 41, 64, 18, 98, 17, 72, 81, 27, 92, 38, 25, 36, 35, 57, 62, 88, 77, 29, 20, 42, 30, 16, 10, 99, 33, 49, 39, 8, 94, 3, 59, 68, 32, 51, 70, 28, 93, 79, 71, 24, 89, 87, 54, 15, 50, 46, 48, 5, 21, 43, 6, 73, 53, 69, 40, 67, 55] 

C:\Users\pierl\OneDrive\Desktop\jobShop-scheduling-simulatedAnniealing-main\instances\test100_2.txt **
Nodes evalauted : 138772
BEST C : 279577
Best sequence : [90, 31, 80, 84, 65, 91, 82, 45, 1, 96, 60, 83, 95, 2, 23, 14, 78, 52, 56, 58, 19, 44, 13, 11, 85, 12, 47, 9, 61, 76, 37, 63, 66, 7, 75, 0, 34, 97, 86, 74, 26, 4, 41, 64, 18, 72, 98, 22, 17, 48, 81, 92, 38, 35, 25, 36, 57, 77, 10, 99, 88, 71, 20, 16, 30, 21, 29, 46, 69, 68, 8, 54, 70, 93, 3, 28, 42, 32, 79, 51, 89, 59, 87, 94, 15, 50, 24, 33, 62, 5, 27, 39, 43, 49, 6, 73, 53, 40, 67, 55] 

C:\Users\pierl\OneDrive\Desktop\jobShop-scheduling-simulatedAnniealing-main\instances\test100_2.txt **
Nodes evalauted : 140301
BEST C : 280381
Best sequence : [90, 31, 80, 84, 65, 91, 82, 45, 1, 96, 60, 83, 95, 2, 23, 14, 44, 78, 52, 58, 56, 19, 11, 47, 85, 12, 86, 13, 61, 76, 37, 63, 66, 7, 75, 22, 34, 97, 74, 9, 26, 4, 41, 0, 64, 18, 98, 17, 72, 43, 81, 38, 92, 35, 25, 3, 99, 5, 57, 71, 36, 10, 88, 30, 77, 24, 46, 49, 29, 68, 8, 89, 70, 93, 42, 94, 32, 28, 20, 59, 79, 51, 50, 87, 39, 16, 15, 62, 33, 21, 54, 27, 6, 73, 48, 53, 40, 67, 69, 55] 

C:\Users\pierl\OneDrive\Desktop\jobShop-scheduling-simulatedAnniealing-main\instances\test100_2.txt **
Nodes evalauted : 140520
BEST C : 280179
Best sequence : [90, 31, 80, 84, 65, 91, 82, 45, 1, 96, 60, 83, 95, 2, 23, 14, 44, 78, 52, 58, 56, 19, 11, 47, 85, 12, 86, 9, 61, 76, 13, 63, 66, 7, 75, 0, 34, 97, 22, 74, 41, 4, 26, 64, 18, 72, 98, 17, 37, 43, 81, 38, 92, 35, 25, 36, 57, 77, 62, 16, 29, 20, 42, 88, 71, 89, 21, 54, 87, 68, 8, 28, 30, 51, 10, 70, 32, 59, 3, 93, 94, 99, 15, 79, 33, 50, 24, 46, 39, 5, 27, 49, 6, 73, 48, 53, 40, 69, 67, 55] 

C:\Users\pierl\OneDrive\Desktop\jobShop-scheduling-simulatedAnniealing-main\instances\test100_3.txt **
Nodes evalauted : 124262
BEST C : 270401
Best sequence : [35, 89, 61, 98, 81, 86, 7, 17, 41, 95, 36, 9, 82, 72, 53, 58, 85, 50, 49, 74, 19, 33, 48, 59, 62, 80, 29, 65, 54, 43, 37, 87, 42, 14, 47, 23, 78, 31, 70, 66, 21, 13, 6, 64, 4, 99, 60, 76, 88, 83, 63, 15, 96, 92, 5, 90, 71, 18, 20, 51, 75, 1, 77, 93, 32, 12, 69, 57, 25, 97, 16, 30, 27, 84, 26, 46, 22, 79, 68, 45, 39, 3, 67, 73, 56, 38, 28, 44, 94, 8, 11, 91, 55, 24, 34, 2, 40, 52, 0, 10] 

C:\Users\pierl\OneDrive\Desktop\jobShop-scheduling-simulatedAnniealing-main\instances\test100_3.txt **
Nodes evalauted : 139459
BEST C : 269713
Best sequence : [35, 89, 61, 98, 81, 7, 86, 41, 82, 9, 17, 36, 50, 72, 53, 95, 49, 85, 58, 19, 74, 33, 62, 59, 65, 80, 2, 43, 0, 29, 87, 42, 37, 44, 78, 23, 31, 70, 39, 47, 6, 13, 48, 66, 4, 5, 99, 45, 28, 76, 63, 96, 84, 71, 92, 90, 60, 83, 20, 51, 15, 27, 46, 93, 18, 32, 14, 54, 16, 97, 57, 30, 69, 26, 25, 75, 77, 12, 79, 38, 68, 67, 3, 73, 1, 64, 22, 94, 91, 56, 55, 11, 21, 24, 88, 8, 34, 40, 52, 10] 

C:\Users\pierl\OneDrive\Desktop\jobShop-scheduling-simulatedAnniealing-main\instances\test100_3.txt **
Nodes evalauted : 135884
BEST C : 267547
Best sequence : [35, 89, 61, 98, 81, 86, 7, 17, 41, 95, 82, 36, 19, 9, 53, 50, 64, 74, 85, 49, 58, 33, 48, 59, 65, 80, 29, 62, 24, 47, 42, 87, 37, 6, 14, 78, 23, 31, 70, 66, 43, 13, 45, 44, 4, 5, 21, 99, 28, 72, 71, 83, 1, 96, 92, 15, 84, 90, 18, 20, 51, 75, 27, 46, 93, 39, 63, 97, 57, 32, 16, 12, 69, 26, 25, 30, 79, 38, 76, 77, 68, 73, 3, 67, 60, 54, 22, 88, 56, 94, 8, 55, 91, 11, 34, 40, 2, 52, 0, 10] 

C:\Users\pierl\OneDrive\Desktop\jobShop-scheduling-simulatedAnniealing-main\instances\test100_3.txt **
Nodes evalauted : 88015
BEST C : 268879
Best sequence : [35, 89, 61, 98, 81, 86, 36, 41, 17, 82, 19, 72, 50, 7, 53, 95, 49, 85, 58, 74, 9, 33, 65, 54, 80, 59, 62, 24, 21, 29, 42, 87, 0, 6, 14, 78, 66, 31, 70, 64, 13, 47, 45, 23, 4, 5, 99, 76, 28, 1, 63, 96, 84, 15, 92, 18, 90, 37, 20, 51, 46, 75, 43, 93, 27, 32, 12, 97, 57, 25, 16, 30, 83, 26, 71, 69, 79, 39, 56, 68, 91, 3, 67, 73, 48, 77, 60, 38, 22, 44, 55, 94, 8, 11, 88, 34, 40, 2, 52, 10] 

C:\Users\pierl\OneDrive\Desktop\jobShop-scheduling-simulatedAnniealing-main\instances\test100_3.txt **
Nodes evalauted : 92575
BEST C : 267424
Best sequence : [35, 89, 61, 98, 81, 86, 7, 17, 95, 82, 36, 19, 2, 72, 53, 58, 49, 85, 74, 50, 9, 33, 65, 48, 59, 62, 80, 24, 54, 47, 87, 37, 41, 0, 42, 78, 23, 31, 70, 66, 6, 13, 45, 29, 4, 5, 99, 39, 28, 60, 83, 18, 63, 84, 15, 92, 90, 76, 14, 51, 20, 46, 1, 77, 27, 32, 69, 75, 57, 16, 30, 25, 93, 97, 96, 26, 79, 12, 22, 68, 43, 67, 71, 3, 73, 91, 64, 38, 44, 94, 11, 21, 8, 56, 88, 55, 34, 40, 52, 10] 

C:\Users\pierl\OneDrive\Desktop\jobShop-scheduling-simulatedAnniealing-main\instances\test100_3.txt **
Nodes evalauted : 89566
BEST C : 268235
Best sequence : [35, 89, 61, 98, 81, 86, 36, 41, 95, 82, 9, 17, 19, 7, 53, 50, 72, 85, 58, 74, 49, 33, 62, 48, 59, 65, 64, 80, 14, 29, 42, 37, 87, 21, 47, 23, 78, 31, 70, 39, 6, 43, 13, 66, 5, 4, 45, 99, 76, 1, 83, 18, 63, 71, 94, 92, 90, 60, 20, 51, 27, 75, 46, 77, 93, 12, 69, 84, 25, 57, 30, 16, 97, 32, 79, 15, 54, 38, 68, 26, 22, 3, 73, 67, 88, 96, 28, 91, 56, 44, 52, 55, 24, 8, 11, 34, 40, 2, 0, 10] 

C:\Users\pierl\OneDrive\Desktop\jobShop-scheduling-simulatedAnniealing-main\instances\test100_3.txt **
Nodes evalauted : 132710
BEST C : 268765
Best sequence : [35, 89, 61, 98, 81, 7, 86, 41, 95, 82, 36, 19, 2, 72, 53, 58, 49, 85, 74, 50, 17, 64, 59, 33, 62, 80, 29, 65, 47, 48, 42, 87, 37, 44, 23, 78, 66, 31, 70, 21, 6, 14, 43, 4, 5, 13, 45, 99, 54, 9, 15, 63, 71, 84, 94, 92, 90, 60, 96, 51, 27, 75, 77, 93, 32, 20, 12, 69, 97, 25, 16, 30, 79, 26, 18, 46, 28, 22, 57, 68, 76, 3, 73, 67, 1, 83, 39, 38, 56, 91, 24, 55, 11, 88, 8, 34, 40, 52, 0, 10] 

C:\Users\pierl\OneDrive\Desktop\jobShop-scheduling-simulatedAnniealing-main\instances\test100_3.txt **
Nodes evalauted : 139033
BEST C : 270538
Best sequence : [35, 89, 61, 98, 81, 86, 7, 17, 41, 95, 36, 9, 82, 72, 53, 58, 85, 50, 49, 74, 19, 33, 48, 59, 62, 43, 65, 29, 80, 47, 0, 87, 42, 37, 6, 78, 23, 31, 70, 54, 66, 14, 64, 4, 5, 99, 39, 28, 60, 83, 63, 84, 18, 92, 15, 90, 76, 96, 51, 71, 20, 27, 75, 77, 93, 32, 45, 57, 25, 97, 16, 30, 69, 26, 46, 79, 12, 68, 13, 38, 73, 3, 67, 1, 56, 91, 22, 44, 94, 24, 21, 55, 8, 11, 88, 34, 40, 2, 52, 10] 

C:\Users\pierl\OneDrive\Desktop\jobShop-scheduling-simulatedAnniealing-main\instances\test100_4.txt **
Nodes evalauted : 120232
BEST C : 275845
Best sequence : [38, 70, 8, 12, 23, 5, 69, 72, 25, 1, 39, 89, 92, 15, 33, 46, 37, 82, 62, 19, 49, 35, 96, 87, 86, 18, 73, 7, 32, 88, 2, 20, 64, 31, 21, 44, 67, 90, 83, 29, 40, 55, 4, 17, 63, 45, 43, 36, 28, 80, 81, 27, 11, 24, 53, 98, 94, 85, 52, 84, 60, 14, 78, 50, 16, 56, 41, 61, 71, 93, 6, 99, 51, 34, 47, 42, 75, 9, 66, 59, 95, 68, 58, 77, 76, 48, 22, 30, 3, 97, 54, 91, 65, 10, 57, 79, 74, 0, 13, 26] 

C:\Users\pierl\OneDrive\Desktop\jobShop-scheduling-simulatedAnniealing-main\instances\test100_4.txt **
Nodes evalauted : 140064
BEST C : 277542
Best sequence : [38, 70, 8, 12, 23, 72, 69, 25, 39, 1, 89, 5, 92, 15, 37, 46, 32, 33, 19, 96, 97, 21, 35, 73, 49, 88, 87, 18, 86, 82, 56, 90, 44, 20, 28, 7, 71, 67, 2, 29, 50, 4, 85, 55, 53, 31, 83, 36, 62, 80, 11, 40, 45, 14, 27, 81, 52, 98, 24, 84, 17, 30, 48, 94, 60, 41, 22, 61, 78, 16, 51, 99, 47, 6, 93, 75, 9, 34, 59, 66, 68, 95, 77, 58, 42, 43, 76, 74, 54, 64, 63, 3, 57, 79, 91, 65, 10, 0, 13, 26] 

C:\Users\pierl\OneDrive\Desktop\jobShop-scheduling-simulatedAnniealing-main\instances\test100_4.txt **
Nodes evalauted : 140154
BEST C : 278721
Best sequence : [38, 70, 8, 12, 23, 72, 69, 25, 39, 1, 33, 35, 92, 15, 89, 5, 37, 96, 45, 97, 49, 19, 82, 24, 86, 73, 56, 88, 2, 62, 20, 90, 44, 7, 74, 85, 67, 17, 29, 18, 40, 55, 4, 71, 63, 50, 36, 60, 28, 46, 27, 11, 80, 87, 31, 98, 52, 64, 94, 48, 16, 30, 10, 51, 41, 22, 75, 93, 6, 81, 99, 61, 95, 32, 9, 42, 47, 34, 59, 66, 77, 68, 53, 58, 14, 3, 78, 83, 84, 43, 76, 54, 57, 21, 91, 65, 0, 79, 13, 26] 

C:\Users\pierl\OneDrive\Desktop\jobShop-scheduling-simulatedAnniealing-main\instances\test100_4.txt **
Nodes evalauted : 140681
BEST C : 278705
Best sequence : [38, 70, 8, 12, 62, 5, 69, 72, 25, 1, 89, 46, 92, 19, 15, 32, 37, 96, 33, 45, 49, 97, 21, 24, 87, 86, 73, 56, 88, 18, 39, 2, 71, 20, 7, 64, 40, 63, 85, 29, 90, 44, 4, 17, 55, 53, 83, 36, 80, 81, 84, 60, 14, 31, 94, 43, 52, 35, 74, 13, 50, 51, 41, 48, 82, 34, 61, 99, 27, 67, 93, 47, 98, 42, 68, 77, 59, 9, 95, 6, 66, 58, 16, 78, 3, 76, 22, 28, 30, 10, 75, 11, 54, 91, 79, 57, 0, 65, 23, 26] 

C:\Users\pierl\OneDrive\Desktop\jobShop-scheduling-simulatedAnniealing-main\instances\test100_4.txt **
Nodes evalauted : 139865
BEST C : 279030
Best sequence : [38, 70, 8, 12, 23, 72, 69, 25, 39, 1, 89, 5, 92, 15, 33, 19, 32, 37, 45, 35, 49, 97, 82, 87, 86, 62, 18, 88, 56, 46, 64, 20, 90, 44, 7, 85, 40, 63, 83, 67, 29, 55, 2, 43, 53, 74, 71, 84, 73, 28, 17, 11, 50, 80, 52, 36, 24, 98, 94, 16, 14, 48, 51, 31, 75, 81, 93, 68, 27, 99, 34, 47, 4, 6, 9, 66, 77, 58, 61, 59, 42, 95, 96, 41, 60, 78, 22, 76, 54, 3, 30, 10, 91, 65, 21, 57, 79, 0, 13, 26] 

C:\Users\pierl\OneDrive\Desktop\jobShop-scheduling-simulatedAnniealing-main\instances\test100_4.txt **
Nodes evalauted : 139906
BEST C : 276244
Best sequence : [38, 70, 8, 12, 23, 72, 69, 25, 39, 1, 89, 5, 92, 15, 37, 32, 33, 46, 45, 96, 49, 97, 2, 62, 56, 88, 87, 86, 82, 19, 24, 64, 90, 44, 40, 20, 63, 31, 17, 67, 73, 18, 55, 85, 29, 4, 53, 83, 36, 80, 81, 84, 60, 7, 98, 14, 71, 52, 11, 50, 28, 35, 78, 10, 22, 51, 76, 54, 75, 99, 34, 61, 58, 27, 9, 42, 66, 6, 59, 95, 47, 93, 43, 94, 68, 30, 77, 41, 3, 16, 91, 48, 57, 21, 74, 65, 0, 13, 79, 26] 

C:\Users\pierl\OneDrive\Desktop\jobShop-scheduling-simulatedAnniealing-main\instances\test100_4.txt **
Nodes evalauted : 139759
BEST C : 276818
Best sequence : [38, 70, 8, 12, 23, 72, 69, 25, 39, 1, 89, 5, 92, 33, 46, 32, 37, 96, 19, 35, 45, 86, 82, 87, 49, 15, 18, 88, 21, 2, 74, 24, 7, 56, 40, 90, 83, 20, 63, 43, 29, 55, 64, 31, 53, 62, 17, 84, 73, 14, 27, 67, 36, 28, 85, 81, 52, 80, 11, 71, 78, 16, 30, 60, 4, 97, 75, 93, 61, 98, 99, 6, 95, 47, 42, 51, 9, 77, 34, 58, 68, 66, 44, 59, 41, 22, 76, 48, 3, 94, 54, 57, 65, 0, 91, 10, 79, 13, 26, 50] 

C:\Users\pierl\OneDrive\Desktop\jobShop-scheduling-simulatedAnniealing-main\instances\test100_4.txt **
Nodes evalauted : 140954
BEST C : 279697
Best sequence : [38, 70, 8, 12, 23, 72, 69, 25, 39, 1, 89, 5, 92, 15, 33, 19, 62, 46, 82, 49, 37, 35, 2, 24, 87, 45, 56, 7, 32, 88, 20, 90, 21, 50, 17, 86, 83, 67, 29, 63, 44, 55, 43, 53, 96, 36, 60, 81, 97, 40, 80, 11, 98, 73, 18, 4, 14, 85, 84, 48, 64, 30, 71, 41, 91, 75, 52, 34, 68, 94, 27, 99, 47, 58, 9, 51, 59, 42, 66, 61, 6, 93, 77, 16, 95, 3, 78, 22, 76, 28, 54, 31, 0, 57, 10, 65, 74, 13, 79, 26] 

C:\Users\pierl\OneDrive\Desktop\jobShop-scheduling-simulatedAnniealing-main\instances\test100_5.txt **
Nodes evalauted : 122577
BEST C : 254612
Best sequence : [74, 78, 42, 22, 87, 21, 63, 70, 65, 35, 81, 95, 20, 75, 69, 83, 47, 80, 64, 56, 26, 50, 6, 29, 36, 17, 10, 2, 46, 71, 43, 7, 55, 57, 51, 1, 5, 99, 90, 59, 49, 86, 28, 88, 37, 0, 62, 54, 94, 98, 39, 89, 79, 77, 96, 31, 91, 85, 3, 52, 16, 32, 25, 73, 58, 68, 13, 8, 41, 45, 30, 72, 33, 66, 27, 23, 24, 84, 76, 48, 11, 44, 15, 9, 61, 4, 93, 92, 60, 38, 14, 40, 97, 67, 34, 18, 82, 12, 19, 53] 

C:\Users\pierl\OneDrive\Desktop\jobShop-scheduling-simulatedAnniealing-main\instances\test100_5.txt **
Nodes evalauted : 139461
BEST C : 254742
Best sequence : [74, 78, 42, 22, 87, 21, 63, 70, 65, 35, 95, 75, 81, 20, 47, 80, 83, 69, 26, 56, 64, 50, 6, 29, 17, 10, 2, 36, 46, 43, 7, 55, 71, 51, 5, 57, 1, 37, 90, 31, 49, 59, 86, 99, 28, 88, 82, 54, 79, 98, 85, 96, 44, 77, 16, 0, 3, 41, 33, 66, 94, 58, 32, 89, 30, 68, 73, 14, 15, 8, 13, 39, 91, 84, 72, 24, 45, 23, 60, 48, 4, 76, 9, 11, 93, 92, 61, 25, 27, 52, 34, 40, 62, 38, 97, 67, 18, 53, 12, 19] 

C:\Users\pierl\OneDrive\Desktop\jobShop-scheduling-simulatedAnniealing-main\instances\test100_5.txt **
Nodes evalauted : 141900
BEST C : 252837
Best sequence : [74, 78, 42, 22, 87, 21, 70, 63, 65, 35, 81, 75, 95, 20, 47, 80, 83, 69, 55, 26, 50, 6, 17, 29, 64, 56, 36, 2, 46, 43, 10, 7, 5, 51, 57, 71, 59, 99, 31, 49, 37, 86, 28, 90, 88, 1, 0, 62, 39, 98, 85, 54, 16, 89, 77, 94, 96, 66, 58, 79, 33, 52, 91, 30, 32, 25, 14, 15, 41, 13, 23, 84, 3, 60, 4, 73, 93, 27, 72, 48, 24, 45, 68, 44, 9, 11, 61, 92, 76, 40, 8, 38, 97, 67, 18, 34, 12, 82, 53, 19] 

C:\Users\pierl\OneDrive\Desktop\jobShop-scheduling-simulatedAnniealing-main\instances\test100_5.txt **
Nodes evalauted : 137888
BEST C : 253072
Best sequence : [74, 78, 42, 22, 87, 21, 63, 70, 65, 35, 81, 95, 20, 75, 69, 56, 47, 80, 83, 71, 50, 6, 29, 17, 36, 64, 26, 2, 46, 43, 10, 7, 5, 51, 57, 55, 1, 59, 99, 90, 37, 86, 28, 88, 31, 0, 82, 79, 98, 85, 54, 96, 44, 16, 77, 49, 94, 91, 39, 89, 52, 58, 32, 13, 30, 25, 73, 84, 97, 66, 68, 4, 76, 15, 14, 41, 45, 62, 93, 24, 48, 11, 72, 33, 9, 61, 92, 60, 27, 8, 38, 3, 23, 40, 67, 18, 34, 53, 12, 19] 

C:\Users\pierl\OneDrive\Desktop\jobShop-scheduling-simulatedAnniealing-main\instances\test100_5.txt **
Nodes evalauted : 139465
BEST C : 257868
Best sequence : [74, 78, 42, 22, 87, 21, 63, 70, 65, 35, 95, 75, 69, 81, 83, 80, 20, 64, 26, 56, 47, 6, 29, 17, 10, 2, 55, 71, 7, 46, 51, 57, 43, 1, 50, 5, 59, 99, 36, 31, 86, 28, 37, 49, 88, 82, 79, 0, 98, 85, 16, 66, 96, 90, 62, 41, 92, 52, 33, 77, 44, 25, 30, 68, 94, 14, 73, 89, 72, 13, 91, 60, 8, 58, 32, 11, 93, 24, 15, 39, 48, 45, 76, 4, 9, 61, 27, 84, 40, 23, 97, 54, 38, 3, 67, 34, 18, 53, 12, 19] 

C:\Users\pierl\OneDrive\Desktop\jobShop-scheduling-simulatedAnniealing-main\instances\test100_5.txt **
Nodes evalauted : 141147
BEST C : 254384
Best sequence : [74, 78, 42, 22, 87, 21, 70, 63, 65, 35, 81, 75, 95, 83, 47, 80, 20, 69, 64, 56, 55, 50, 26, 36, 17, 6, 2, 29, 46, 43, 10, 7, 5, 51, 57, 71, 1, 99, 90, 59, 49, 37, 86, 28, 82, 0, 62, 79, 98, 85, 54, 16, 96, 39, 44, 41, 92, 52, 91, 89, 23, 31, 77, 68, 13, 58, 32, 14, 94, 25, 72, 45, 76, 60, 73, 4, 30, 38, 66, 15, 48, 93, 24, 11, 8, 9, 27, 61, 33, 34, 84, 40, 3, 97, 67, 18, 88, 12, 53, 19] 

C:\Users\pierl\OneDrive\Desktop\jobShop-scheduling-simulatedAnniealing-main\instances\test100_5.txt **
Nodes evalauted : 136383
BEST C : 256579
Best sequence : [74, 78, 42, 22, 87, 21, 63, 70, 65, 35, 95, 75, 81, 83, 69, 47, 80, 20, 64, 71, 50, 26, 17, 29, 36, 56, 6, 2, 46, 10, 43, 7, 55, 51, 57, 99, 37, 49, 31, 86, 5, 59, 28, 88, 82, 79, 98, 90, 85, 94, 39, 89, 54, 96, 52, 58, 41, 92, 91, 8, 16, 1, 32, 77, 13, 14, 25, 73, 44, 33, 30, 38, 62, 84, 93, 24, 45, 72, 4, 48, 68, 60, 11, 23, 9, 61, 27, 76, 15, 3, 0, 66, 40, 97, 67, 18, 34, 12, 53, 19] 

C:\Users\pierl\OneDrive\Desktop\jobShop-scheduling-simulatedAnniealing-main\instances\test100_5.txt **
Nodes evalauted : 137562
BEST C : 255749
Best sequence : [74, 78, 42, 22, 87, 21, 63, 70, 83, 35, 81, 95, 75, 69, 65, 47, 80, 20, 26, 56, 64, 50, 6, 17, 55, 36, 2, 29, 46, 43, 10, 7, 5, 51, 71, 57, 99, 59, 90, 37, 1, 86, 28, 88, 31, 0, 82, 79, 85, 62, 96, 39, 77, 94, 52, 89, 16, 91, 54, 33, 8, 32, 44, 68, 49, 73, 98, 3, 84, 23, 15, 66, 4, 41, 24, 92, 58, 25, 13, 60, 48, 72, 27, 9, 61, 11, 93, 45, 76, 30, 40, 14, 38, 34, 97, 67, 18, 53, 12, 19] 

C:\Users\pierl\OneDrive\Desktop\jobShop-scheduling-simulatedAnniealing-main\instances\test100_6.txt **
Nodes evalauted : 118475
BEST C : 280134
Best sequence : [36, 62, 58, 68, 56, 31, 38, 11, 1, 33, 46, 87, 53, 23, 74, 26, 88, 51, 60, 24, 77, 45, 65, 52, 96, 5, 61, 64, 43, 21, 79, 99, 41, 71, 69, 89, 67, 73, 82, 12, 80, 42, 7, 78, 37, 49, 85, 14, 39, 22, 6, 4, 55, 63, 97, 98, 34, 13, 27, 54, 81, 76, 30, 17, 25, 28, 72, 19, 84, 10, 48, 40, 70, 91, 59, 9, 83, 57, 18, 20, 15, 8, 50, 66, 75, 0, 93, 44, 16, 29, 95, 2, 32, 86, 47, 35, 94, 90, 3, 92] 

C:\Users\pierl\OneDrive\Desktop\jobShop-scheduling-simulatedAnniealing-main\instances\test100_6.txt **
Nodes evalauted : 138005
BEST C : 280219
Best sequence : [36, 62, 58, 68, 56, 31, 45, 47, 67, 46, 11, 74, 87, 23, 88, 60, 76, 51, 53, 65, 52, 77, 43, 99, 97, 80, 33, 5, 41, 73, 1, 26, 6, 78, 69, 12, 49, 24, 50, 0, 61, 37, 70, 14, 21, 42, 17, 39, 16, 98, 4, 8, 54, 27, 7, 40, 34, 82, 64, 89, 55, 71, 83, 13, 48, 25, 81, 22, 28, 93, 38, 84, 10, 79, 59, 91, 9, 30, 57, 20, 15, 66, 44, 18, 75, 63, 95, 96, 32, 29, 19, 2, 72, 86, 35, 94, 90, 3, 92, 85] 

C:\Users\pierl\OneDrive\Desktop\jobShop-scheduling-simulatedAnniealing-main\instances\test100_6.txt **
Nodes evalauted : 138304
BEST C : 278999
Best sequence : [36, 62, 58, 68, 31, 38, 11, 87, 45, 67, 46, 23, 74, 56, 88, 89, 33, 51, 1, 77, 53, 26, 60, 61, 21, 7, 43, 42, 65, 64, 52, 41, 12, 80, 79, 73, 78, 98, 99, 82, 96, 24, 83, 70, 4, 16, 97, 14, 39, 17, 37, 5, 6, 8, 34, 71, 48, 13, 40, 27, 54, 81, 76, 49, 44, 25, 55, 50, 93, 47, 35, 59, 28, 69, 91, 9, 15, 20, 57, 22, 10, 84, 18, 75, 66, 0, 63, 19, 30, 32, 95, 29, 86, 2, 72, 94, 90, 92, 3, 85] 

C:\Users\pierl\OneDrive\Desktop\jobShop-scheduling-simulatedAnniealing-main\instances\test100_6.txt **
Nodes evalauted : 139493
BEST C : 279112
Best sequence : [36, 62, 58, 68, 47, 38, 87, 45, 53, 33, 46, 89, 56, 74, 97, 88, 11, 1, 26, 77, 60, 31, 52, 43, 61, 65, 7, 64, 5, 51, 21, 73, 80, 12, 48, 4, 50, 23, 78, 82, 63, 98, 99, 79, 37, 70, 42, 0, 83, 39, 16, 22, 6, 54, 67, 49, 17, 40, 14, 13, 27, 81, 93, 95, 44, 28, 86, 85, 41, 10, 35, 91, 25, 69, 34, 59, 15, 20, 9, 57, 8, 71, 84, 18, 75, 66, 29, 24, 55, 30, 32, 96, 2, 76, 72, 19, 94, 90, 3, 92] 

C:\Users\pierl\OneDrive\Desktop\jobShop-scheduling-simulatedAnniealing-main\instances\test100_6.txt **
Nodes evalauted : 139327
BEST C : 281914
Best sequence : [36, 62, 58, 68, 31, 38, 11, 87, 1, 26, 56, 46, 53, 74, 97, 23, 88, 89, 51, 24, 65, 76, 67, 43, 60, 52, 42, 47, 85, 73, 80, 7, 5, 69, 12, 4, 21, 77, 6, 49, 72, 14, 64, 37, 22, 70, 78, 55, 50, 45, 33, 54, 0, 96, 17, 40, 34, 13, 48, 44, 81, 93, 61, 25, 66, 29, 27, 84, 10, 83, 82, 91, 59, 28, 98, 15, 79, 57, 39, 20, 9, 8, 18, 41, 99, 75, 71, 63, 19, 16, 30, 32, 2, 95, 86, 94, 90, 35, 92, 3] 

C:\Users\pierl\OneDrive\Desktop\jobShop-scheduling-simulatedAnniealing-main\instances\test100_6.txt **
Nodes evalauted : 138463
BEST C : 279346
Best sequence : [36, 62, 58, 68, 56, 31, 47, 38, 11, 46, 87, 53, 74, 33, 88, 89, 97, 45, 77, 51, 60, 24, 67, 21, 7, 5, 99, 96, 79, 64, 1, 41, 12, 73, 43, 6, 4, 23, 80, 26, 82, 49, 72, 14, 37, 70, 65, 27, 22, 39, 98, 71, 78, 61, 34, 54, 48, 13, 0, 76, 81, 95, 63, 44, 40, 28, 25, 85, 30, 17, 10, 83, 59, 91, 69, 15, 84, 57, 8, 9, 42, 50, 18, 20, 93, 75, 55, 66, 16, 32, 29, 35, 2, 86, 52, 19, 94, 90, 3, 92] 

C:\Users\pierl\OneDrive\Desktop\jobShop-scheduling-simulatedAnniealing-main\instances\test100_6.txt **
Nodes evalauted : 138686
BEST C : 281819
Best sequence : [36, 62, 58, 68, 31, 38, 11, 87, 67, 56, 46, 23, 74, 33, 88, 53, 51, 89, 76, 77, 65, 52, 43, 7, 5, 21, 26, 45, 96, 48, 12, 64, 71, 6, 98, 1, 41, 49, 16, 85, 14, 37, 70, 73, 60, 55, 83, 39, 69, 4, 78, 22, 42, 54, 34, 27, 99, 82, 80, 97, 81, 40, 44, 93, 61, 25, 28, 30, 95, 84, 13, 17, 59, 91, 79, 15, 8, 9, 57, 20, 10, 50, 35, 18, 75, 66, 0, 24, 63, 2, 32, 19, 29, 72, 86, 47, 94, 90, 3, 92] 

C:\Users\pierl\OneDrive\Desktop\jobShop-scheduling-simulatedAnniealing-main\instances\test100_6.txt **
Nodes evalauted : 137664
BEST C : 279385
Best sequence : 
[36, 62, 58, 68, 31, 38, 11, 87, 1, 56, 53, 26, 23, 74, 46, 45, 88, 67, 51, 60, 77, 76, 47, 43, 48, 5, 97, 80, 41, 99, 73, 78, 61, 4, 64, 89, 79, 69, 6, 49, 16, 83, 37, 82, 70, 93, 52, 98, 39, 24, 14, 21, 33, 12, 34, 54, 7, 13, 27, 40, 71, 81, 96, 44, 66, 28, 55, 50, 85, 22, 10, 17, 91, 59, 25, 9, 20, 15, 84, 57, 8, 18, 42, 95, 0, 75, 63, 35, 65, 30, 2, 32, 19, 29, 86, 72, 94, 90, 92, 3] 

C:\Users\pierl\OneDrive\Desktop\jobShop-scheduling-simulatedAnniealing-main\instances\test100_7.txt **
Nodes evalauted : 124408
BEST C : 269707
Best sequence : 
[85, 0, 93, 23, 27, 12, 1, 13, 80, 42, 28, 49, 17, 41, 14, 91, 77, 96, 9, 68, 90, 69, 32, 54, 97, 3, 52, 38, 48, 58, 61, 76, 19, 22, 8, 51, 6, 10, 37, 24, 56, 62, 99, 74, 94, 2, 31, 5, 98, 65, 4, 79, 66, 95, 75, 34, 83, 46, 15, 25, 16, 84, 47, 89, 33, 44, 36, 63, 92, 21, 43, 67, 71, 73, 64, 70, 81, 20, 78, 72, 86, 57, 39, 40, 18, 29, 87, 11, 60, 82, 59, 7, 45, 26, 53, 88, 30, 35, 50, 55] 

C:\Users\pierl\OneDrive\Desktop\jobShop-scheduling-simulatedAnniealing-main\instances\test100_7.txt **
Nodes evalauted : 137350
BEST C : 274451
Best sequence : 
[85, 0, 93, 23, 27, 12, 1, 13, 80, 42, 17, 49, 14, 9, 41, 91, 77, 96, 28, 68, 69, 97, 90, 22, 38, 3, 52, 58, 61, 76, 19, 74, 48, 54, 8, 2, 6, 10, 75, 62, 53, 32, 99, 51, 88, 31, 24, 95, 94, 4, 47, 36, 34, 15, 65, 5, 66, 56, 79, 33, 37, 16, 84, 60, 71, 63, 43, 89, 67, 64, 73, 46, 81, 70, 18, 98, 78, 44, 72, 39, 86, 57, 25, 40, 29, 87, 21, 83, 11, 92, 7, 59, 82, 26, 30, 50, 20, 45, 35, 55] 

C:\Users\pierl\OneDrive\Desktop\jobShop-scheduling-simulatedAnniealing-main\instances\test100_7.txt **
Nodes evalauted : 140253
BEST C : 272308
Best sequence : 
[85, 0, 93, 27, 1, 13, 80, 23, 42, 12, 28, 49, 14, 41, 17, 91, 77, 96, 9, 68, 90, 69, 32, 54, 97, 3, 52, 38, 48, 76, 24, 74, 19, 61, 8, 51, 58, 2, 6, 62, 16, 56, 75, 22, 99, 31, 10, 37, 65, 94, 98, 5, 95, 79, 34, 84, 36, 83, 20, 25, 44, 66, 89, 47, 33, 71, 86, 43, 60, 82, 64, 70, 46, 78, 4, 15, 81, 18, 72, 40, 39, 57, 73, 11, 63, 67, 21, 29, 87, 7, 59, 92, 88, 26, 45, 30, 53, 35, 55, 50] 

C:\Users\pierl\OneDrive\Desktop\jobShop-scheduling-simulatedAnniealing-main\instances\test100_7.txt **
Nodes evalauted : 140104
BEST C : 272916
Best sequence : 
[85, 0, 93, 27, 1, 13, 80, 23, 42, 12, 17, 49, 14, 41, 77, 9, 91, 96, 28, 68, 69, 97, 90, 22, 38, 3, 52, 58, 48, 24, 74, 76, 19, 51, 2, 8, 10, 6, 75, 37, 62, 56, 66, 61, 32, 5, 31, 98, 94, 84, 33, 34, 79, 36, 15, 16, 99, 25, 47, 95, 44, 60, 54, 46, 63, 83, 20, 86, 92, 64, 43, 71, 65, 81, 4, 78, 73, 18, 72, 40, 39, 57, 29, 70, 89, 87, 21, 67, 11, 82, 59, 7, 45, 26, 53, 88, 30, 35, 50, 55] 

C:\Users\pierl\OneDrive\Desktop\jobShop-scheduling-simulatedAnniealing-main\instances\test100_7.txt **
Nodes evalauted : 139934
BEST C : 272149
Best sequence : 
[85, 0, 93, 23, 27, 12, 1, 13, 80, 42, 17, 14, 49, 41, 9, 91, 77, 96, 28, 68, 69, 97, 90, 22, 38, 3, 52, 58, 48, 76, 54, 62, 74, 51, 32, 2, 6, 10, 24, 37, 56, 61, 8, 94, 66, 98, 75, 16, 99, 4, 79, 31, 84, 36, 5, 46, 83, 33, 95, 44, 60, 89, 63, 15, 25, 92, 34, 86, 43, 21, 67, 64, 73, 19, 71, 81, 65, 78, 18, 72, 87, 11, 57, 39, 40, 29, 47, 20, 70, 82, 7, 59, 45, 88, 30, 26, 53, 35, 55, 50] 

C:\Users\pierl\OneDrive\Desktop\jobShop-scheduling-simulatedAnniealing-main\instances\test100_7.txt **
Nodes evalauted : 140535
BEST C : 274986
Best sequence : 
[85, 0, 93, 23, 27, 12, 1, 13, 80, 42, 17, 49, 14, 9, 41, 91, 77, 28, 53, 68, 90, 32, 69, 97, 38, 3, 52, 58, 48, 24, 74, 19, 62, 61, 8, 2, 75, 6, 10, 22, 56, 66, 99, 51, 37, 98, 94, 76, 4, 79, 88, 34, 46, 15, 65, 5, 16, 31, 25, 83, 95, 54, 96, 63, 20, 86, 43, 36, 67, 33, 92, 21, 81, 18, 70, 89, 40, 39, 57, 29, 78, 72, 73, 11, 44, 71, 87, 84, 60, 7, 47, 26, 64, 82, 59, 45, 30, 35, 55, 50] 

C:\Users\pierl\OneDrive\Desktop\jobShop-scheduling-simulatedAnniealing-main\instances\test100_7.txt **
Nodes evalauted : 139860
BEST C : 270733
Best sequence : 
[85, 0, 93, 23, 27, 12, 1, 13, 80, 42, 17, 49, 14, 9, 41, 91, 77, 96, 28, 68, 54, 32, 69, 97, 52, 38, 3, 48, 58, 76, 19, 24, 74, 51, 2, 8, 10, 6, 75, 62, 22, 56, 37, 16, 31, 94, 99, 61, 98, 65, 4, 5, 95, 79, 46, 83, 90, 36, 15, 66, 25, 47, 60, 89, 92, 21, 63, 44, 71, 86, 67, 43, 34, 20, 70, 64, 81, 18, 72, 78, 39, 57, 29, 40, 87, 33, 84, 11, 73, 82, 7, 26, 59, 45, 88, 30, 53, 35, 55, 50] 

C:\Users\pierl\OneDrive\Desktop\jobShop-scheduling-simulatedAnniealing-main\instances\test100_7.txt **
Nodes evalauted : 119658
BEST C : 272601
Best sequence : 
[85, 0, 93, 23, 27, 1, 13, 80, 12, 42, 17, 14, 49, 41, 9, 91, 77, 96, 28, 69, 68, 90, 32, 54, 97, 3, 52, 38, 48, 58, 76, 19, 61, 62, 8, 51, 6, 2, 10, 37, 88, 56, 66, 5, 24, 98, 94, 95, 65, 79, 53, 36, 34, 15, 31, 75, 25, 16, 84, 83, 46, 89, 4, 63, 44, 33, 71, 67, 74, 86, 43, 47, 64, 99, 70, 21, 81, 78, 18, 72, 57, 39, 87, 11, 40, 29, 73, 60, 82, 20, 92, 22, 7, 45, 59, 26, 30, 35, 55, 50] 

C:\Users\pierl\OneDrive\Desktop\jobShop-scheduling-simulatedAnniealing-main\instances\test100_8.txt **
Nodes evalauted : 95780
BEST C : 263392
Best sequence : 
[4, 54, 5, 18, 82, 87, 38, 57, 67, 51, 49, 63, 94, 41, 98, 89, 81, 86, 9, 78, 24, 64, 65, 20, 37, 22, 59, 39, 13, 26, 60, 71, 42, 28, 29, 30, 79, 44, 96, 92, 56, 62, 53, 23, 80, 1, 11, 40, 72, 69, 84, 0, 46, 36, 58, 35, 88, 74, 43, 61, 68, 93, 76, 32, 55, 52, 7, 21, 25, 66, 34, 83, 3, 48, 50, 97, 91, 95, 8, 14, 33, 2, 77, 70, 15, 45, 73, 31, 85, 6, 99, 47, 17, 75, 19, 10, 12, 27, 90, 16] 

C:\Users\pierl\OneDrive\Desktop\jobShop-scheduling-simulatedAnniealing-main\instances\test100_8.txt **
Nodes evalauted : 123089
BEST C : 268453
Best sequence : 
[4, 54, 5, 18, 82, 87, 38, 57, 63, 51, 49, 89, 94, 81, 86, 98, 67, 65, 78, 9, 24, 60, 64, 20, 22, 37, 59, 28, 13, 79, 26, 71, 47, 23, 53, 29, 30, 42, 96, 92, 76, 93, 3, 58, 69, 84, 1, 36, 40, 72, 11, 41, 0, 25, 55, 88, 48, 43, 68, 83, 44, 66, 8, 56, 34, 7, 35, 15, 97, 39, 14, 75, 10, 27, 70, 61, 21, 2, 46, 52, 77, 95, 74, 62, 91, 32, 33, 31, 45, 73, 85, 6, 80, 99, 50, 17, 19, 90, 12, 16] 

C:\Users\pierl\OneDrive\Desktop\jobShop-scheduling-simulatedAnniealing-main\instances\test100_8.txt **
Nodes evalauted : 124816
BEST C : 263458
Best sequence : 
[4, 54, 5, 18, 82, 87, 38, 57, 63, 51, 49, 81, 89, 67, 98, 41, 86, 9, 78, 94, 24, 60, 37, 99, 59, 28, 13, 64, 53, 39, 96, 23, 20, 29, 69, 79, 68, 26, 30, 47, 76, 56, 58, 62, 1, 35, 72, 92, 36, 65, 93, 22, 44, 42, 46, 0, 25, 55, 40, 66, 61, 32, 74, 83, 43, 52, 7, 8, 88, 91, 21, 11, 14, 85, 17, 84, 50, 27, 2, 70, 15, 77, 95, 45, 31, 33, 34, 71, 73, 3, 97, 48, 6, 80, 75, 19, 10, 12, 16, 90] 

C:\Users\pierl\OneDrive\Desktop\jobShop-scheduling-simulatedAnniealing-main\instances\test100_8.txt **
Nodes evalauted : 124915
BEST C : 261829
Best sequence : 
[4, 54, 5, 18, 82, 87, 38, 57, 67, 81, 51, 49, 94, 41, 98, 89, 86, 78, 9, 63, 65, 28, 39, 60, 22, 37, 59, 13, 26, 71, 79, 56, 23, 20, 35, 53, 68, 29, 99, 80, 96, 93, 76, 62, 1, 69, 72, 11, 58, 92, 47, 36, 42, 40, 24, 46, 55, 32, 0, 64, 43, 61, 83, 88, 7, 74, 8, 21, 44, 34, 30, 14, 97, 52, 66, 3, 48, 73, 50, 91, 95, 77, 2, 70, 15, 25, 27, 45, 31, 33, 85, 6, 17, 75, 19, 10, 84, 12, 90, 16] 

C:\Users\pierl\OneDrive\Desktop\jobShop-scheduling-simulatedAnniealing-main\instances\test100_8.txt **
Nodes evalauted : 126177
BEST C : 263152
Best sequence : 
[4, 54, 5, 18, 82, 87, 38, 57, 63, 51, 49, 67, 94, 41, 98, 89, 81, 86, 9, 78, 24, 60, 37, 28, 22, 99, 20, 26, 64, 79, 13, 71, 53, 59, 29, 56, 80, 39, 42, 96, 93, 76, 62, 84, 3, 72, 36, 68, 92, 40, 1, 35, 47, 0, 46, 44, 58, 32, 74, 43, 25, 61, 88, 55, 52, 7, 21, 8, 83, 34, 23, 14, 69, 97, 91, 11, 73, 30, 27, 95, 33, 2, 70, 15, 77, 45, 66, 31, 85, 6, 48, 17, 50, 65, 75, 10, 19, 90, 12, 16] 

C:\Users\pierl\OneDrive\Desktop\jobShop-scheduling-simulatedAnniealing-main\instances\test100_8.txt **
Nodes evalauted : 126252
BEST C : 261414
Best sequence : 
[4, 54, 5, 18, 82, 87, 38, 57, 67, 51, 49, 89, 94, 86, 98, 63, 81, 65, 78, 9, 24, 60, 37, 99, 22, 39, 28, 26, 59, 71, 47, 79, 13, 35, 96, 29, 68, 56, 69, 53, 20, 76, 23, 93, 58, 92, 1, 62, 3, 30, 36, 80, 72, 41, 46, 0, 25, 55, 40, 66, 61, 32, 74, 88, 43, 52, 8, 7, 21, 11, 91, 34, 64, 42, 14, 44, 84, 27, 95, 2, 70, 97, 77, 83, 31, 45, 73, 33, 85, 6, 48, 15, 50, 17, 75, 10, 19, 90, 12, 16] 

C:\Users\pierl\OneDrive\Desktop\jobShop-scheduling-simulatedAnniealing-main\instances\test100_8.txt **
Nodes evalauted : 126468
BEST C : 259677
Best sequence : 
[4, 54, 5, 18, 82, 87, 38, 57, 63, 51, 49, 67, 94, 81, 89, 98, 41, 86, 9, 78, 24, 28, 37, 20, 64, 60, 59, 13, 22, 26, 71, 47, 56, 23, 79, 35, 53, 29, 80, 96, 92, 76, 3, 58, 69, 72, 68, 93, 62, 39, 1, 11, 42, 65, 0, 46, 36, 40, 66, 83, 74, 61, 32, 43, 25, 55, 7, 21, 52, 8, 34, 44, 14, 88, 30, 91, 85, 17, 33, 95, 15, 70, 2, 73, 77, 45, 31, 97, 48, 6, 99, 50, 75, 84, 19, 10, 12, 16, 27, 90] 

C:\Users\pierl\OneDrive\Desktop\jobShop-scheduling-simulatedAnniealing-main\instances\test100_8.txt **
Nodes evalauted : 126810
BEST C : 264287
Best sequence : 
[4, 54, 5, 18, 82, 87, 38, 57, 86, 49, 63, 51, 94, 89, 98, 81, 41, 78, 9, 67, 64, 65, 99, 22, 39, 60, 13, 26, 37, 47, 71, 24, 96, 29, 59, 23, 20, 35, 28, 44, 30, 1, 58, 76, 62, 72, 92, 56, 69, 53, 42, 0, 46, 25, 68, 55, 40, 74, 83, 88, 7, 43, 36, 79, 8, 61, 21, 93, 52, 32, 91, 11, 34, 97, 3, 80, 14, 73, 95, 85, 15, 2, 77, 70, 66, 31, 45, 33, 6, 48, 17, 50, 75, 84, 10, 19, 27, 12, 16, 90] 

C:\Users\pierl\OneDrive\Desktop\jobShop-scheduling-simulatedAnniealing-main\instances\test100_9.txt **
Nodes evalauted : 105545
BEST C : 280796
Best sequence : 
[41, 11, 7, 38, 27, 45, 80, 75, 56, 1, 51, 57, 42, 22, 62, 83, 25, 76, 3, 14, 26, 29, 84, 15, 47, 24, 68, 89, 61, 52, 44, 64, 2, 82, 17, 9, 59, 70, 10, 34, 48, 88, 0, 90, 98, 37, 33, 19, 96, 4, 65, 43, 16, 72, 93, 39, 36, 21, 55, 94, 46, 58, 79, 67, 63, 6, 20, 28, 50, 23, 85, 99, 35, 30, 91, 97, 92, 53, 69, 60, 86, 18, 13, 77, 74, 5, 73, 12, 40, 95, 71, 81, 66, 31, 87, 54, 49, 32, 8, 78] 

C:\Users\pierl\OneDrive\Desktop\jobShop-scheduling-simulatedAnniealing-main\instances\test100_9.txt **
Nodes evalauted : 127331
BEST C : 280420
Best sequence : 
[41, 11, 7, 38, 27, 75, 80, 56, 1, 25, 57, 51, 45, 22, 62, 83, 42, 76, 46, 14, 29, 26, 47, 3, 9, 24, 61, 68, 89, 52, 44, 70, 15, 82, 17, 0, 84, 18, 33, 59, 34, 88, 72, 93, 23, 37, 98, 48, 19, 90, 39, 96, 36, 64, 16, 55, 65, 77, 21, 12, 2, 74, 79, 67, 50, 6, 20, 4, 58, 28, 86, 30, 35, 99, 85, 97, 92, 53, 69, 60, 91, 13, 10, 63, 5, 73, 40, 94, 95, 71, 81, 66, 31, 43, 87, 54, 32, 49, 8, 78] 

C:\Users\pierl\OneDrive\Desktop\jobShop-scheduling-simulatedAnniealing-main\instances\test100_9.txt **
Nodes evalauted : 125894
BEST C : 279003
Best sequence : 
[41, 11, 38, 7, 45, 80, 27, 75, 56, 1, 57, 22, 83, 42, 51, 25, 62, 9, 76, 46, 29, 26, 14, 47, 15, 24, 68, 61, 89, 70, 52, 5, 44, 17, 82, 0, 3, 36, 33, 34, 48, 59, 88, 98, 72, 93, 37, 65, 19, 96, 64, 90, 18, 39, 16, 4, 23, 50, 12, 21, 85, 77, 73, 79, 6, 55, 20, 28, 58, 67, 63, 30, 99, 35, 92, 97, 91, 60, 86, 53, 2, 69, 13, 10, 94, 74, 40, 95, 84, 71, 81, 66, 31, 87, 43, 54, 49, 32, 8, 78] 

C:\Users\pierl\OneDrive\Desktop\jobShop-scheduling-simulatedAnniealing-main\instances\test100_9.txt **
Nodes evalauted : 124845
BEST C : 279745
Best sequence : 
[41, 11, 38, 7, 27, 45, 56, 80, 75, 1, 57, 42, 51, 22, 25, 62, 83, 84, 76, 14, 29, 26, 9, 15, 0, 24, 61, 68, 47, 52, 44, 70, 46, 3, 82, 17, 36, 18, 33, 34, 64, 88, 48, 65, 59, 37, 98, 93, 19, 39, 96, 72, 23, 89, 16, 50, 90, 4, 21, 63, 85, 2, 40, 6, 79, 55, 20, 58, 28, 67, 94, 30, 35, 53, 97, 91, 99, 92, 60, 69, 13, 10, 86, 73, 74, 77, 5, 12, 95, 71, 81, 66, 31, 87, 43, 54, 32, 49, 8, 78] 

C:\Users\pierl\OneDrive\Desktop\jobShop-scheduling-simulatedAnniealing-main\instances\test100_9.txt **
Nodes evalauted : 127566
BEST C : 279593
Best sequence : 
[41, 11, 38, 7, 45, 80, 27, 75, 56, 1, 57, 42, 51, 22, 83, 25, 76, 62, 9, 46, 29, 26, 14, 47, 70, 24, 61, 68, 89, 15, 52, 44, 3, 64, 82, 17, 5, 18, 36, 34, 48, 88, 0, 65, 59, 37, 98, 39, 96, 72, 93, 19, 23, 55, 16, 50, 33, 12, 21, 63, 77, 4, 81, 6, 79, 67, 20, 58, 28, 60, 86, 30, 99, 35, 92, 97, 13, 69, 73, 91, 85, 90, 53, 10, 94, 74, 2, 40, 95, 71, 84, 66, 31, 87, 43, 54, 49, 32, 8, 78] 

C:\Users\pierl\OneDrive\Desktop\jobShop-scheduling-simulatedAnniealing-main\instances\test100_9.txt **
Nodes evalauted : 127770
BEST C : 279638
Best sequence : 
[41, 11, 38, 27, 45, 56, 80, 75, 1, 51, 57, 7, 42, 22, 62, 83, 25, 76, 46, 9, 29, 26, 14, 3, 24, 68, 47, 61, 89, 52, 44, 70, 0, 15, 17, 82, 10, 18, 36, 34, 48, 88, 72, 65, 98, 93, 37, 59, 19, 90, 39, 96, 55, 23, 50, 16, 4, 33, 21, 43, 5, 63, 12, 79, 6, 67, 28, 73, 58, 2, 30, 99, 35, 92, 91, 97, 20, 53, 85, 69, 60, 64, 86, 77, 74, 13, 94, 40, 95, 71, 84, 81, 66, 31, 87, 54, 49, 32, 8, 78] 

C:\Users\pierl\OneDrive\Desktop\jobShop-scheduling-simulatedAnniealing-main\instances\test100_9.txt **
Nodes evalauted : 128130
BEST C : 279671
Best sequence : 
[41, 11, 38, 7, 27, 45, 56, 80, 75, 1, 57, 42, 51, 22, 83, 25, 76, 2, 62, 26, 14, 29, 47, 46, 0, 15, 24, 68, 61, 52, 89, 44, 3, 9, 82, 17, 36, 33, 59, 34, 48, 88, 72, 23, 98, 18, 37, 93, 19, 39, 96, 55, 90, 70, 16, 50, 65, 12, 21, 4, 74, 81, 79, 67, 73, 58, 63, 6, 20, 28, 94, 35, 99, 30, 91, 92, 97, 64, 85, 69, 60, 86, 53, 13, 10, 5, 77, 40, 95, 71, 84, 66, 31, 87, 43, 54, 49, 32, 8, 78] 

C:\Users\pierl\OneDrive\Desktop\jobShop-scheduling-simulatedAnniealing-main\instances\test100_9.txt **
Nodes evalauted : 128387
BEST C : 280301
Best sequence : 
[41, 11, 38, 27, 45, 56, 80, 75, 1, 57, 7, 22, 83, 42, 51, 25, 3, 2, 62, 26, 14, 29, 9, 15, 24, 68, 47, 61, 0, 52, 44, 76, 89, 46, 82, 17, 64, 36, 18, 72, 5, 34, 88, 93, 98, 48, 65, 37, 33, 96, 19, 23, 39, 12, 16, 55, 90, 59, 63, 21, 85, 4, 95, 6, 67, 79, 20, 94, 58, 28, 66, 99, 35, 92, 97, 30, 91, 60, 69, 50, 86, 53, 70, 10, 77, 13, 74, 73, 40, 71, 84, 81, 31, 87, 43, 54, 32, 49, 8, 78]
